125
3.28515111695137921874683819409485897866662895694389590062201023101806640625e-10
8.0814717477003935915605002844597226641099041444249451160430908203125e-09
5.25624178712220674999494111055177436586660633111023344099521636962890625e-09
5.781865965834428500329231540542929135284566655172966420650482177734375e-09
9.6583442838370563610215339153501623581377089067245833575725555419921875e-09
5.51905387647831803875239260206118918627993252812302671372890472412109375e-09
1.8002628120893561241339485691319299842660939248162321746349334716796875e-08
2.0302233902759526332570754435236093371486276737414300441741943359375e-08
2.1747700394218130976111224661288801041081342191318981349468231201171875e-08
4.159001314060446958439164568711865488381818067864514887332916259765625e-08
6.3666228646517738430678765883252712143303142511285841464996337890625e-08
1.33705650459921149557536435015236975232255645096302032470703125e-07
3.661629434954007978147397413259955811781765078194439411163330078125e-07
7.75624178712220739787138422405288196159744984470307826995849609375e-07
9.9730617608409991619515359839720503032367560081183910369873046875e-07
9.99474375821287834740992879478671540027789887972176074981689453125e-07
9.99474375821287834740992879478671540027789887972176074981689453125e-07
9.99605781865965864742772616080568326424327096901834011077880859375e-07
9.9954007884362684974188274777961993322605849243700504302978515625e-07
9.99605781865965864742772616080568326424327096901834011077880859375e-07
9.99605781865965864742772616080568326424327096901834011077880859375e-07
9.996714848883048797436624843815167196225957013666629791259765625e-07
9.99737187910643894744552352682465112820864305831491947174072265625e-07
9.996714848883048797436624843815167196225957013666629791259765625e-07
9.99737187910643894744552352682465112820864305831491947174072265625e-07
9.99934296977660939747221957585310292415670119225978851318359375e-07
9.9980289093298290974544222098341350601913291029632091522216796875e-07
9.99934296977660939747221957585310292415670119225978851318359375e-07
9.99999999999999954748111825886258685613938723690807819366455078125e-07
9.99934296977660939747221957585310292415670119225978851318359375e-07
9.99934296977660939747221957585310292415670119225978851318359375e-07
9.9980289093298290974544222098341350601913291029632091522216796875e-07
9.9980289093298290974544222098341350601913291029632091522216796875e-07
9.99934296977660939747221957585310292415670119225978851318359375e-07
9.99934296977660939747221957585310292415670119225978851318359375e-07
9.9980289093298290974544222098341350601913291029632091522216796875e-07
9.99934296977660939747221957585310292415670119225978851318359375e-07
9.99934296977660939747221957585310292415670119225978851318359375e-07
9.99934296977660939747221957585310292415670119225978851318359375e-07
9.99934296977660939747221957585310292415670119225978851318359375e-07
9.99934296977660939747221957585310292415670119225978851318359375e-07
9.99934296977660939747221957585310292415670119225978851318359375e-07
9.99934296977660939747221957585310292415670119225978851318359375e-07
9.99934296977660939747221957585310292415670119225978851318359375e-07
9.99934296977660939747221957585310292415670119225978851318359375e-07
9.99934296977660939747221957585310292415670119225978851318359375e-07
9.99934296977660939747221957585310292415670119225978851318359375e-07
9.98685939553219442972077646292206054567941464483737945556640625e-07
9.79369250985545221062193721461852646825718693435192108154296875e-07
9.280551905387646586091947471797158897288682055659592151641845703125e-07
8.582785808147174927743537631297243706285371445119380950927734375e-07
6.989487516425755165512035717301220216768342652358114719390869140625e-07
4.793035479632062286872479402177749108204807271249592304229736328125e-07
2.8646517739816030220271971147572021010319076594896614551544189453125e-07
8.6859395532194480667775361194815619825249086716212332248687744140625e-08
-9.7963206307490133400531239805941741138894940377213060855865478515625e-08
-2.491458607095926348567820583779219845155239454470574855804443359375e-07
-3.785151116951379473226399312302259403395510162226855754852294921875e-07
-5.10709592641261434222354174961022721390691003762185573577880859375e-07
-6.295006570302233198416935223973300850275336415506899356842041015625e-07
-7.434296977660971424831169544755749001296862843446433544158935546875e-07
-8.538107752956636256808954643648945648237713612616062164306640625e-07
-9.518396846254927476125369707748991032758567598648369312286376953125e-07
-9.86333771353482293464177456387975695406566956080496311187744140625e-07
-9.9559789750328510265554339542237727300744154490530490875244140625e-07
-9.97766097240473021201382676503843782711555832065641880035400390625e-07
-9.98620236530880427971187777991257661369672860018908977508544921875e-07
-9.98685939553219442972077646292206054567941464483737945556640625e-07
-9.98685939553219442972077646292206054567941464483737945556640625e-07
-9.98685939553219442972077646292206054567941464483737945556640625e-07
-9.98685939553219442972077646292206054567941464483737945556640625e-07
-9.98685939553219442972077646292206054567941464483737945556640625e-07
-9.98685939553219442972077646292206054567941464483737945556640625e-07
-9.98685939553219442972077646292206054567941464483737945556640625e-07
-9.98685939553219442972077646292206054567941464483737945556640625e-07
-9.98685939553219442972077646292206054567941464483737945556640625e-07
-9.98685939553219442972077646292206054567941464483737945556640625e-07
-9.98685939553219442972077646292206054567941464483737945556640625e-07
-9.98685939553219442972077646292206054567941464483737945556640625e-07
-9.98685939553219442972077646292206054567941464483737945556640625e-07
-9.98685939553219442972077646292206054567941464483737945556640625e-07
-9.98685939553219442972077646292206054567941464483737945556640625e-07
-9.98685939553219442972077646292206054567941464483737945556640625e-07
-9.98685939553219442972077646292206054567941464483737945556640625e-07
-9.98685939553219442972077646292206054567941464483737945556640625e-07
-9.98685939553219442972077646292206054567941464483737945556640625e-07
-9.98685939553219442972077646292206054567941464483737945556640625e-07
-9.98685939553219442972077646292206054567941464483737945556640625e-07
-9.98685939553219442972077646292206054567941464483737945556640625e-07
-9.98685939553219442972077646292206054567941464483737945556640625e-07
-9.98685939553219442972077646292206054567941464483737945556640625e-07
-9.98685939553219442972077646292206054567941464483737945556640625e-07
-9.98685939553219442972077646292206054567941464483737945556640625e-07
-9.98685939553219442972077646292206054567941464483737945556640625e-07
-9.98685939553219442972077646292206054567941464483737945556640625e-07
-9.98685939553219442972077646292206054567941464483737945556640625e-07
-9.98685939553219442972077646292206054567941464483737945556640625e-07
-9.98685939553219442972077646292206054567941464483737945556640625e-07
-9.98685939553219442972077646292206054567941464483737945556640625e-07
-9.98685939553219442972077646292206054567941464483737945556640625e-07
-9.98685939553219442972077646292206054567941464483737945556640625e-07
-9.98685939553219442972077646292206054567941464483737945556640625e-07
-9.98685939553219442972077646292206054567941464483737945556640625e-07
-9.98685939553219442972077646292206054567941464483737945556640625e-07
-9.98685939553219442972077646292206054567941464483737945556640625e-07
-9.98685939553219442972077646292206054567941464483737945556640625e-07
-9.98685939553219442972077646292206054567941464483737945556640625e-07
-9.98685939553219442972077646292206054567941464483737945556640625e-07
-9.98685939553219442972077646292206054567941464483737945556640625e-07
-9.98685939553219442972077646292206054567941464483737945556640625e-07
-9.98685939553219442972077646292206054567941464483737945556640625e-07
-9.98685939553219442972077646292206054567941464483737945556640625e-07
-9.98685939553219442972077646292206054567941464483737945556640625e-07
-9.98685939553219442972077646292206054567941464483737945556640625e-07
-9.98685939553219442972077646292206054567941464483737945556640625e-07
-9.98685939553219442972077646292206054567941464483737945556640625e-07
-9.98685939553219442972077646292206054567941464483737945556640625e-07
-9.98685939553219442972077646292206054567941464483737945556640625e-07
-9.98685939553219442972077646292206054567941464483737945556640625e-07
-9.98685939553219442972077646292206054567941464483737945556640625e-07
-9.98685939553219442972077646292206054567941464483737945556640625e-07
-9.98685939553219442972077646292206054567941464483737945556640625e-07
-9.98685939553219442972077646292206054567941464483737945556640625e-07
-9.98685939553219442972077646292206054567941464483737945556640625e-07
-9.98685939553219442972077646292206054567941464483737945556640625e-07