125
5.5851238583349752515458524755424807306525281092035584151744842529296875e-09
1.3470004599513765690955484030134903239428467713878490030765533447265625e-08
1.7609566988632630382132326202736238851542793781845830380916595458984375e-08
1.005322294500295710714375956203181505799193473649211227893829345703125e-08
1.780668900716209902642374004501368833786045797751285135746002197265625e-08
2.155200735922202642901775453306012497733945565414614975452423095703125e-08
2.1223470661672907610235464513116776519296990954899229109287261962890625e-08
3.600762205138313534143030777458227564835624434635974466800689697265625e-08
4.527235692226821125396351154328289378980798574048094451427459716796875e-08
6.0122215651488270689848693317802741375999175943434238433837890625e-08
1.06314475326894006695468736407861332082802618970163166522979736328125e-07
1.85426112096721201512379453672785256657107311184518039226531982421875e-07
3.5751363427294824449490244673566241573325896752066910266876220703125e-07
6.84276233655299234896556524743171934233032516203820705413818359375e-07
9.69314672448912476111272142065278245581794180907309055328369140625e-07
9.992772192653918953320242579696497386976261623203754425048828125e-07
9.99474341283921327580368719478709493841961375437676906585693359375e-07
9.99605755962941090251422902868139175325268297456204891204833984375e-07
9.99605755962941090251422902868139175325268297456204891204833984375e-07
9.99605755962941090251422902868139175325268297456204891204833984375e-07
9.99671463302450971586949994562854016066921758465468883514404296875e-07
9.99605755962941090251422902868139175325268297456204891204833984375e-07
9.9973717064196064116424027268248408972795004956424236297607421875e-07
9.99671463302450971586949994562854016066921758465468883514404296875e-07
9.9973717064196064116424027268248408972795004956424236297607421875e-07
9.9973717064196064116424027268248408972795004956424236297607421875e-07
9.9973717064196064116424027268248408972795004956424236297607421875e-07
9.9986858532098040383529445607191377121125697158277034759521484375e-07
9.9986858532098040383529445607191377121125697158277034759521484375e-07
9.99999999999999954748111825886258685613938723690807819366455078125e-07
9.99999999999999954748111825886258685613938723690807819366455078125e-07
9.99999999999999954748111825886258685613938723690807819366455078125e-07
9.99999999999999954748111825886258685613938723690807819366455078125e-07
9.99999999999999954748111825886258685613938723690807819366455078125e-07
9.9986858532098040383529445607191377121125697158277034759521484375e-07
9.99999999999999954748111825886258685613938723690807819366455078125e-07
9.99999999999999954748111825886258685613938723690807819366455078125e-07
9.99999999999999954748111825886258685613938723690807819366455078125e-07
9.99999999999999954748111825886258685613938723690807819366455078125e-07
9.99999999999999954748111825886258685613938723690807819366455078125e-07
9.99999999999999954748111825886258685613938723690807819366455078125e-07
9.99999999999999954748111825886258685613938723690807819366455078125e-07
9.9986858532098040383529445607191377121125697158277034759521484375e-07
9.8114199356068074035254478193479599212878383696079254150390625e-07
9.272619751626255849444942398751567935732964542694389820098876953125e-07
8.50975753991720799395965905975725007692744839005172252655029296875e-07
6.706748143767658686619469177170316243064007721841335296630859375e-07
4.566660095932715648348021973690347152796675800345838069915771484375e-07
2.7281687364478605953719485104069786274294528993777930736541748046875e-07
7.56948551153163829243765425847101369072333909571170806884765625e-08
-8.2068467047769234407449275535417765325973959988914430141448974609375e-08
-2.0724094881398250843804425928851298266408775816671550273895263671875e-07
-3.157894736842104953079639860502592085822470835410058498382568359375e-07
-4.0206321046060840295022329078655776157802392845042049884796142578125e-07
-4.9576187660161633700170273619800553888126160018146038055419921875e-07
-5.78553124383993763174137588134460230548938852734863758087158203125e-07
-6.47414416190288416434327374571200408581717056222259998321533203125e-07
-7.195610749720742777346747624800382681087285163812339305877685546875e-07
-7.90590708982193215122245659454147670430756988935172557830810546875e-07
-8.458505815099546080269442456522899220772160333581268787384033203125e-07
-9.10178066890071578421382569867859047008096240460872650146484375e-07
-9.63795255930087314366443151936181266137282364070415496826171875e-07
-9.7680530915303238385601937443514231063090846873819828033447265625e-07
-9.89026874301859512593980937322779567466568551026284694671630859375e-07
-9.9395492476509616583553972934961251439744955860078334808349609375e-07
-9.974374137591169120031601991183123345763306133449077606201171875e-07
-9.9875156054931326816428115156210054692564881406724452972412109375e-07
-9.9875156054931326816428115156210054692564881406724452972412109375e-07
-9.9875156054931326816428115156210054692564881406724452972412109375e-07
-9.9875156054931326816428115156210054692564881406724452972412109375e-07
-9.9875156054931326816428115156210054692564881406724452972412109375e-07
-9.9875156054931326816428115156210054692564881406724452972412109375e-07
-9.9875156054931326816428115156210054692564881406724452972412109375e-07
-9.9875156054931326816428115156210054692564881406724452972412109375e-07
-9.9875156054931326816428115156210054692564881406724452972412109375e-07
-9.9875156054931326816428115156210054692564881406724452972412109375e-07
-9.9875156054931326816428115156210054692564881406724452972412109375e-07
-9.9875156054931326816428115156210054692564881406724452972412109375e-07
-9.9875156054931326816428115156210054692564881406724452972412109375e-07
-9.9875156054931326816428115156210054692564881406724452972412109375e-07
-9.9875156054931326816428115156210054692564881406724452972412109375e-07
-9.9875156054931326816428115156210054692564881406724452972412109375e-07
-9.9875156054931326816428115156210054692564881406724452972412109375e-07
-9.9875156054931326816428115156210054692564881406724452972412109375e-07
-9.9875156054931326816428115156210054692564881406724452972412109375e-07
-9.9875156054931326816428115156210054692564881406724452972412109375e-07
-9.9875156054931326816428115156210054692564881406724452972412109375e-07
-9.9875156054931326816428115156210054692564881406724452972412109375e-07
-9.9875156054931326816428115156210054692564881406724452972412109375e-07
-9.9875156054931326816428115156210054692564881406724452972412109375e-07
-9.9875156054931326816428115156210054692564881406724452972412109375e-07
-9.9875156054931326816428115156210054692564881406724452972412109375e-07
-9.9875156054931326816428115156210054692564881406724452972412109375e-07
-9.9875156054931326816428115156210054692564881406724452972412109375e-07
-9.9875156054931326816428115156210054692564881406724452972412109375e-07
-9.9875156054931326816428115156210054692564881406724452972412109375e-07
-9.9875156054931326816428115156210054692564881406724452972412109375e-07
-9.9875156054931326816428115156210054692564881406724452972412109375e-07
-9.9875156054931326816428115156210054692564881406724452972412109375e-07
-9.9875156054931326816428115156210054692564881406724452972412109375e-07
-9.9875156054931326816428115156210054692564881406724452972412109375e-07
-9.9875156054931326816428115156210054692564881406724452972412109375e-07
-9.9875156054931326816428115156210054692564881406724452972412109375e-07
-9.9875156054931326816428115156210054692564881406724452972412109375e-07
-9.9875156054931326816428115156210054692564881406724452972412109375e-07
-9.9875156054931326816428115156210054692564881406724452972412109375e-07
-9.9875156054931326816428115156210054692564881406724452972412109375e-07
-9.9875156054931326816428115156210054692564881406724452972412109375e-07
-9.9875156054931326816428115156210054692564881406724452972412109375e-07
-9.9875156054931326816428115156210054692564881406724452972412109375e-07
-9.9875156054931326816428115156210054692564881406724452972412109375e-07
-9.9875156054931326816428115156210054692564881406724452972412109375e-07
-9.9875156054931326816428115156210054692564881406724452972412109375e-07
-9.9875156054931326816428115156210054692564881406724452972412109375e-07
-9.9875156054931326816428115156210054692564881406724452972412109375e-07
-9.973059990800971493321060157288826530930236913263797760009765625e-07
-9.94743412839214106587154388960936302055415580980479717254638671875e-07
-9.93297851369997987754979253127718408222790458239614963531494140625e-07
-9.8731848347460408017793424828578707774795475415885448455810546875e-07
-9.8166765227675936752028788834234518390076118521392345428466796875e-07
-9.8199618897430835068144971966574985344777815043926239013671875e-07
-9.69380379788422357446799233759993086323447641916573047637939453125e-07
-9.62678231158420390453666661001452808932299376465380191802978515625e-07
-9.58801498127340779789357268214633478464747895486652851104736328125e-07
-9.3232144030488210673622562207896180552779696881771087646484375e-07