125
9.19902753137525413401021589197836814122410942218266427516937255859375e-09
1.0776003679611013214508877266530062488669727827073074877262115478515625e-08
1.9646494513437151838459253350675781657486140829860232770442962646484375e-08
1.39956633155923514996679627863003514409712124688667245209217071533203125e-08
2.253761745186937295919727395655807189456254491233266890048980712890625e-08
2.9634010118930280549635124611763947743980907034710980951786041259765625e-08
2.9239766081871343261052296927209048771345578643376938998699188232421875e-08
4.23812339838359934419479411495113030383663499378599226474761962890625e-08
5.677114133648728057583750651431120370915550665813498198986053466796875e-08
7.5366318417767267414316702776877487934825694537721574306488037109375e-08
1.33320191865431359855902692344853388561887186369858682155609130859375e-07
2.17162757079965828605586943521321696692893965519033372402191162109375e-07
3.5284841316775079895809680112506168114805404911749064922332763671875e-07
5.45962283987121419872906753767427545653845299966633319854736328125e-07
7.701557263946382251025677030675797851699826424010097980499267578125e-07
9.306787568171364497765876179491417730105240480042994022369384765625e-07
9.90800972468624614587317904479402130846210638992488384246826171875e-07
9.99540048623431208915895811173424334583614836446940898895263671875e-07
9.99605755962941090251422902868139175325268297456204891204833984375e-07
9.99605755962941090251422902868139175325268297456204891204833984375e-07
9.99540048623431208915895811173424334583614836446940898895263671875e-07
9.99671463302450971586949994562854016066921758465468883514404296875e-07
9.99671463302450971586949994562854016066921758465468883514404296875e-07
9.99605755962941090251422902868139175325268297456204891204833984375e-07
9.99671463302450971586949994562854016066921758465468883514404296875e-07
9.99671463302450971586949994562854016066921758465468883514404296875e-07
9.99671463302450971586949994562854016066921758465468883514404296875e-07
9.9973717064196064116424027268248408972795004956424236297607421875e-07
9.9973717064196064116424027268248408972795004956424236297607421875e-07
9.9973717064196064116424027268248408972795004956424236297607421875e-07
9.9980287798147052249976736437719893046960351057350635528564453125e-07
9.9986858532098040383529445607191377121125697158277034759521484375e-07
9.9986858532098040383529445607191377121125697158277034759521484375e-07
9.9986858532098040383529445607191377121125697158277034759521484375e-07
9.99999999999999954748111825886258685613938723690807819366455078125e-07
9.99999999999999954748111825886258685613938723690807819366455078125e-07
9.99999999999999954748111825886258685613938723690807819366455078125e-07
9.9986858532098040383529445607191377121125697158277034759521484375e-07
9.99999999999999954748111825886258685613938723690807819366455078125e-07
9.99999999999999954748111825886258685613938723690807819366455078125e-07
9.9986858532098040383529445607191377121125697158277034759521484375e-07
9.98554438530783835915936690053040791781313600949943065643310546875e-07
9.6248110913989095820532219949239305378796416334807872772216796875e-07
9.01307576056245433179987293359491928868010290898382663726806640625e-07
7.4880084105394574341845771725534319784856052137911319732666015625e-07
5.380116959064326604168250998971867460340945399366319179534912109375e-07
3.14935278270582779099940641531762963722940185107290744781494140625e-07
9.70497404560089307829355326391607139413508775760419666767120361328125e-08
-9.59984230238517558567881249147191180526306197862140834331512451171875e-08
-2.580984295945857164502495496860579038411742658354341983795166015625e-07
-3.9371837834286088487657112068573983520991532714106142520904541015625e-07
-5.138313949668177165247735273256868282487630494870245456695556640625e-07
-6.2711084828175308320658519478651982126393704675137996673583984375e-07
-7.25343320848938858942493712600452226979541592299938201904296875e-07
-8.118141796438661458935382754520393433494973578490316867828369140625e-07
-8.954596228398711823948780651194478963361689238809049129486083984375e-07
-9.580787173927327203732697002980245315484353341162204742431640625e-07
-9.792364807148958756881536313887437472658348269760608673095703125e-07
-9.90078191734016766929467150137877951010523247532546520233154296875e-07
-9.946119981601945556743370191465913876527338288724422454833984375e-07
-9.975031210986267933386872908130271753179840743541717529296875e-07
-9.9783165779617577649984912213643184486500103957951068878173828125e-07
-9.98620145870293717251463781747755632522967061959207057952880859375e-07
-9.9868585320980338682875405986738570618399535305798053741455078125e-07
-9.9868585320980338682875405986738570618399535305798053741455078125e-07
-9.9875156054931326816428115156210054692564881406724452972412109375e-07
-9.9875156054931326816428115156210054692564881406724452972412109375e-07
-9.9875156054931326816428115156210054692564881406724452972412109375e-07
-9.9875156054931326816428115156210054692564881406724452972412109375e-07
-9.9875156054931326816428115156210054692564881406724452972412109375e-07
-9.9875156054931326816428115156210054692564881406724452972412109375e-07
-9.9875156054931326816428115156210054692564881406724452972412109375e-07
-9.9875156054931326816428115156210054692564881406724452972412109375e-07
-9.9875156054931326816428115156210054692564881406724452972412109375e-07
-9.9875156054931326816428115156210054692564881406724452972412109375e-07
-9.9875156054931326816428115156210054692564881406724452972412109375e-07
-9.9875156054931326816428115156210054692564881406724452972412109375e-07
-9.9875156054931326816428115156210054692564881406724452972412109375e-07
-9.9875156054931326816428115156210054692564881406724452972412109375e-07
-9.9875156054931326816428115156210054692564881406724452972412109375e-07
-9.9875156054931326816428115156210054692564881406724452972412109375e-07
-9.9875156054931326816428115156210054692564881406724452972412109375e-07
-9.9875156054931326816428115156210054692564881406724452972412109375e-07
-9.9875156054931326816428115156210054692564881406724452972412109375e-07
-9.9875156054931326816428115156210054692564881406724452972412109375e-07
-9.9875156054931326816428115156210054692564881406724452972412109375e-07
-9.9875156054931326816428115156210054692564881406724452972412109375e-07
-9.9875156054931326816428115156210054692564881406724452972412109375e-07
-9.9783165779617577649984912213643184486500103957951068878173828125e-07
-9.9678034036401852216436290932133346132104634307324886322021484375e-07
-9.93429266049017538667796622942063322625472210347652435302734375e-07
-9.92180826598330852083965948617905183937182300724089145660400390625e-07
-9.8823838622774157184236627771145577980860252864658832550048828125e-07
-9.82324725671857545600848364564239290075420285575091838836669921875e-07
-9.8252184769038697784919282607329904521975549869239330291748046875e-07
-9.73782771535580595278851732954361608562976471148431301116943359375e-07
-9.6721203758459817919853653001016624557450995780527591705322265625e-07
-9.6714633024508829786300943831545140483285649679601192474365234375e-07
-9.493396412379262319238102003915447113513437216170132160186767578125e-07
-9.34884026545765149481177248846908156565405079163610935211181640625e-07
-9.213483146067415587029763267279403038401142111979424953460693359375e-07
-8.954596228398711823948780651194478963361689238809049129486083984375e-07
-8.72527761350942819207538760084563733698814758099615573883056640625e-07
-8.587949273933897961809933764565361258291886770166456699371337890625e-07
-8.298179906695577499602003816725481755156579311005771160125732421875e-07
-8.1575662001445553201425635314603113101838971488177776336669921875e-07
-7.976871016492541524911855620183498416508882655762135982513427734375e-07
-7.67198896116696211981808746493971540303391520865261554718017578125e-07
-7.5445167225179045607610407719878509169575409032404422760009765625e-07
-7.288915171824691688082860537012397372791383531875908374786376953125e-07
-7.04448386884815017211481334713507607148130773566663265228271484375e-07
-6.918325776989290239768308488077508400238002650439739227294921875e-07
-6.623956895985281260447034325233861551396330469287931919097900390625e-07
-6.45114659307444687273247301007028653430097620002925395965576171875e-07
-6.298048492016557827434725981563534702445394941605627536773681640625e-07
-6.0312766936066757156287808372407965862294076941907405853271484375e-07
-5.9070898219331101057657205932738264664294547401368618011474609375e-07
-5.715224390564424953824879636898881329898358671925961971282958984375e-07
-5.478020894933962973226524058312225662348282639868557453155517578125e-07
-5.38143110585452317208760876499074043977088876999914646148681640625e-07
-5.20467836257309908061497415177054648438570438884198665618896484375e-07
-4.954990472435771292969495897817733265355855110101401805877685546875e-07
-4.84788750903475894847571847634526420733891427516937255859375e-07
-4.60082791247782323787777168655477311176582588814198970794677734375e-07
-4.4759839674091593440550325595783665022509012487716972827911376953125e-07