75
0.01241645612880045053405542176960807410068809986114501953125
-0.033832574140593089928596981508235330693423748016357421875
-0.01404839571870755525473395408653232152573764324188232421875
-0.0171674803976560146068219836479329387657344341278076171875
-0.0158228789499865706014158917014356120489537715911865234375
0.0242966091997532558643957401045554433949291706085205078125
0.01466579891588660165824276049306718050502240657806396484375
-0.03817334141694024574054111553778056986629962921142578125
0.0356554595299496679405848453825456090271472930908203125
-0.0228738776279347223729931926072822534479200839996337890625
0.0111408254603768963608700914846849627792835235595703125
0.0080736319677844024800261735208550817333161830902099609375
0.0127753364817592973690096869177068583667278289794921875
0.013093831836521623024349736397198284976184368133544921875
0.027263164202690891302349740499266772530972957611083984375
0.015595446264505340161488078365437104366719722747802734375
0.01295440567175438865976655478107204544357955455780029296875
0.0253407671798575005739362353551769047044217586517333984375
0.024661877440429476326944069342061993665993213653564453125
0.045286175939137474077966771801584400236606597900390625
0.0229002915295869850786925070451616193167865276336669921875
0.0358772775170814461898061153988237492740154266357421875
0.040100235664630952403530983474411186762154102325439453125
0.0294511565052196465364087174521046108566224575042724609375
0.055282329761902719578170462000343832187354564666748046875
0.0618432603991150298128331996849738061428070068359375
0.00121087989566704876641389798663794863387010991573333740234375
0.00144812303504758435428179108583890410955063998699188232421875
0.021312837659123527733751046753241098485887050628662109375
0.0285828658542718223867229454526750487275421619415283203125
0.162909360374955014538755904140998609364032745361328125
0.203126116802777978431748806542600505053997039794921875
0.060853662631615214329006136040334240533411502838134765625
-0.5487129617308232898409414701745845377445220947265625
-0.279839520753603687719390791244222782552242279052734375
-0.033307447450227435636893602577401907183229923248291015625
-0.07561761213619043464628788342452025972306728363037109375
-0.17493561505761878738240966413286514580249786376953125
-0.03927015010189605082047137329936958849430084228515625
0.11898684929788690134433437606276129372417926788330078125
0.0168563323027725552039068901422069757245481014251708984375
0.0337691358029766630632906299069873057305812835693359375
0.0258817719660079485766157603165993350557982921600341796875
-0.02065145883105203028495822081822552718222141265869140625
0.015881956004795756698388942140809376724064350128173828125
-0.01274672030005531871144075495294600841589272022247314453125
0.018270908494996108972774351286716409958899021148681640625
0.048162292369721450280284358314020209945738315582275390625
0.005254401351924974095108922256258665584027767181396484375
0.00172897016742650281272142276378644965006969869136810302734375
-0.009903929546286084628636814386482001282274723052978515625
0.01363090864714001058943804167711277841590344905853271484375
0.010337355706090393947516048456236603669822216033935546875
0.0181306593753746171648888463323601172305643558502197265625
-0.006842037916446430494132879829294324736110866069793701171875
0.01423427609649767326682745505195271107368171215057373046875
-0.01930886218539573651042928759125061333179473876953125
0.0207215155253008299907069300616058171726763248443603515625
0.0003494853519964676914245915728685076828696765005588531494140625
0.0182164383477897394436606504086739732883870601654052734375
0.01304306988474978647174484791548820794560015201568603515625
-0.0230030547540135688056039953153231181204319000244140625
-0.0175808976046349131616697292201934033073484897613525390625
0.03875529021208685975796726097541977651417255401611328125
-0.016734225508071749743965739298801054246723651885986328125
0.043345210994749472366294185121660120785236358642578125
-0.004964169439469440052448145905827914248220622539520263671875
-0.0333154966051450174280290639217128045856952667236328125
0.01045798773167574448328398517560344771482050418853759765625
-0.0413019961095232590597703392631956376135349273681640625
0.04382122691236305100925818578616599552333354949951171875
0.0443791096966743570106928018503822386264801025390625
0.011087020025726319893966120844197575934231281280517578125
-0.039403024475185739750049407348342356272041797637939453125
0.0160260180897103532426939409560873173177242279052734375