125
4.06022947693723903126629816255632743349224256235174834728240966796875e-08
3.98790150244928815664584190008035147201326253707520663738250732421875e-08
4.4284446197849880962047245357149360955872907652519643306732177734375e-08
4.533648946312917062217336399039535610455686764908023178577423095703125e-08
4.241049413157115556072948776324127440062738969572819769382476806640625e-08
5.5429529539402306374966714584695548495574257685802876949310302734375e-08
5.45747443863628905571494498959184138442424227832816541194915771484375e-08
5.713909984548114462804614438647121676950746405054815113544464111328125e-08
7.30183778807903371155861951304066881363041829899884760379791259765625e-08
9.0409968109938513866231523004313164193490592879243195056915283203125e-08
1.46661406450340269217279677398113602038165481644682586193084716796875e-07
2.35756320478679659427824976368481824096079435548745095729827880859375e-07
3.546700858072788086158854715945754065842265845276415348052978515625e-07
5.17375152053128217025947631346749489011926925741136074066162109375e-07
6.830062136305355081485556588416496737181660137139260768890380859375e-07
8.613275470953743147552671664823886743533876142464578151702880859375e-07
9.59923726863267179487009851668322113482645363546907901763916015625e-07
9.8438373278101066243058088478523615094673004932701587677001953125e-07
9.96580859387842238537283563737378955238455091603100299835205078125e-07
9.9963836012756014743545034118010761403638753108680248260498046875e-07
9.99704112831640054649142389242566508755771792493760585784912109375e-07
9.9963836012756014743545034118010761403638753108680248260498046875e-07
9.99802741887760021348798868123797234375160769559442996978759765625e-07
9.99868494591840140320727729761340896175170200876891613006591796875e-07
9.99999999999999954748111825886258685613938723690807819366455078125e-07
9.99999999999999954748111825886258685613938723690807819366455078125e-07
9.999671236479598952621473950674868547139340080320835113525390625e-07
9.99999999999999954748111825886258685613938723690807819366455078125e-07
9.999671236479598952621473950674868547139340080320835113525390625e-07
9.999671236479598952621473950674868547139340080320835113525390625e-07
9.99868494591840140320727729761340896175170200876891613006591796875e-07
9.99868494591840140320727729761340896175170200876891613006591796875e-07
9.99901370943879988048455347005027959994549746625125408172607421875e-07
9.9983561823980008083476329894256906527516548521816730499267578125e-07
9.99473978367360273522101814236417993697614292614161968231201171875e-07
9.97008251964361953063637096505988921535390545614063739776611328125e-07
9.94180885688924037050747707644493544876240775920450687408447265625e-07
9.8632343755136930166303559086582453119262936525046825408935546875e-07
9.73403031199658110931009942501379583745801937766373157501220703125e-07
9.507841009961534063993555433713655844485401757992804050445556640625e-07
9.07091429135023087407230756029630214243297814391553401947021484375e-07
8.693165006410888645703633793859754774757675477303564548492431640625e-07
8.249005490350790368320340294194803476557353860698640346527099609375e-07
7.783476345464706364619370156099353863510259543545544147491455078125e-07
7.2354275569582795154285718985942565950608695857226848602294921875e-07
6.651214781207877228927545509851171345871989615261554718017578125e-07
5.953907354439950890372655091520304182495237910188734531402587890625e-07
4.962356576914225894726667882850268398442494799382984638214111328125e-07
4.046750172600847729245383647966871620837991940788924694061279296875e-07
3.1268698425222740066873401872105109333688233164139091968536376953125e-07
2.25893414866686377593966105446765535447184447548352181911468505859375e-07
1.4929151461353849005887252376911789042424061335623264312744140625e-07
6.4043133773876451176170214625582577383511306834407150745391845703125e-08
-2.1928526810665086526569306506380396815103495100629515945911407470703125e-08
-8.610316599270144146562977298386964974952206830494105815887451171875e-08
-1.665187230824867796612795238508919482001147116534411907196044921875e-07
-2.3368511030016107341908816567854767498602086561731994152069091796875e-07
-2.9522964131899922406016803684558613696253814850933849811553955078125e-07
-3.6187000690403388953152587041717236360227616387419402599334716796875e-07
-4.14505046520038101151551211687174003373002051375806331634521484375e-07
-4.5862511095768808173047032840374814810502357431687414646148681640625e-07
-5.15040931058289710994867009741238206288471701554954051971435546875e-07
-5.53013117664463973110165750934896777835092507302761077880859375e-07
-5.95029095571555387603722431233421730212285183370113372802734375e-07
-6.432915803662424343209967625423217896241112612187862396240234375e-07
-6.702501890390241913298785374208943466101118247024714946746826171875e-07
-7.014498471249629282372128023792523521251496276818215847015380859375e-07
-7.399151790117368120925571244039797846880901488475501537322998046875e-07
-7.666107768681986226093154866700896121756159118376672267913818359375e-07
-8.084623730150901631895236400249249442140353494323790073394775390625e-07
-8.356839925041916549322920139408754636178855434991419315338134765625e-07
-8.58631686228096107290643466958268703592693782411515712738037109375e-07
-8.732945392379261097349292704283829635869551566429436206817626953125e-07
-8.77272577834763460778613568258332833238455350510776042938232421875e-07
-8.8516290232435804389405330228068891074144630692899227142333984375e-07
-8.96570996482230309919977777333155444239309872500598430633544921875e-07
-8.98412072196468982452776004532513098865820211358368396759033203125e-07
-9.077489561758226889397432705919310791387033532373607158660888671875e-07
-9.12713285333859283463518730084018670822842977941036224365234375e-07
-9.122530164052996153303191732841792571662153932265937328338623046875e-07
-9.181378834204556519996121531634880597039227723143994808197021484375e-07
-9.205707334714139129721124400751453009661418036557734012603759765625e-07
-9.192228030377748621793597937068565073559511802159249782562255859375e-07
-9.239898740835716291829407022240250313416254357434809207916259765625e-07
-9.2310221257849224652338761265557565138806239701807498931884765625e-07
-9.212611368642534681114709786686756132212394732050597667694091796875e-07
-9.25732320741690440895200857329694343889059382490813732147216796875e-07
-9.21754282144853195730634966287286857777871773578226566314697265625e-07
-9.208337442877337535851174459000656469243040191940963268280029296875e-07
-9.2267482000197253199703407988696568509112694300711154937744140625e-07
-9.169543347470164751202080337388888864325053873471915721893310546875e-07
-9.164283131143767938941980220890481945161809562705457210540771484375e-07
-9.158365387776572054544959623767486078804722637869417667388916015625e-07
-9.095900318900613614725414977912887337652136920951306819915771484375e-07
-9.102804352829009166119000363848190460203113616444170475006103515625e-07
-9.055133642371041496083191278676505220346371061168611049652099609375e-07
-8.98083308676069234626078950645133858188273734413087368011474609375e-07
-8.98083308676069234626078950645133858188273734413087368011474609375e-07
-8.912450274517539080835408331349167809776190551929175853729248046875e-07
-8.83190321201959345175634165381328699595542275346815586090087890625e-07
-8.808561002071209450236719505633598004123996361158788204193115234375e-07
-8.700397803859682674374495352231928535502447630278766155242919921875e-07
-8.65568596508531294653719656562174122882424853742122650146484375e-07
-8.60834401814774587136103178863777429796755313873291015625e-07
-8.465989413814642992181709081622731360994293936528265476226806640625e-07
-8.4186474668770748582143602367633405947344726882874965667724609375e-07
-8.297662491369956646561530100303372137204860337078571319580078125e-07
-8.108294703619685169483318788741232907568701193667948246002197265625e-07
-7.960351119439785941975435724915488577835276373662054538726806640625e-07
-7.862708353881052790633411804510632947540216264314949512481689453125e-07
-7.63882039648880567416964169902282577595542534254491329193115234375e-07
-7.514876549298089520318301264001359385247269528917968273162841796875e-07
-7.368248019199788437084259161424792949901529937051236629486083984375e-07
-7.178222704408718946660311437113488608474654029123485088348388671875e-07
-7.080579938849985795318287516708632978179593919776380062103271484375e-07
-6.905677745997303434372983389766265105436104931868612766265869140625e-07
-6.7317618437058217992154281195116283242896315641701221466064453125e-07
-6.585462077127922369632214392998204033347064978443086147308349609375e-07
-6.38393003912285852890031757900235476199668482877314090728759765625e-07
-6.252753394483347287586931517733290775140631012618541717529296875e-07
-6.093960614130255958281572048473861968886922113597393035888671875e-07
-5.92629121872636974358949761565451552769445697776973247528076171875e-07
-5.795772101127658633204216102885464323435371625237166881561279296875e-07
-5.66591051056974659495585507074100206637012888677418231964111328125e-07
-5.500871223329059845185014764046282920162411755882203578948974609375e-07