125
-2.958482627132572444879637054066835732957230220563360489904880523681640625e-09
-4.56921205746030639127715035677744503939123887903406284749507904052734375e-09
-3.681667269320535030044534889419848011637981244348338805139064788818359375e-09
1.2984451530192958243027778341034672582310349753242917358875274658203125e-08
1.1275106012294138038372899395488102580742406644276343286037445068359375e-08
1.840833634660267556381298072361307749389425225672312080860137939453125e-08
3.356234180335952404387729022978981152647293129120953381061553955078125e-08
4.03339798165740782087833912576690931217626712168566882610321044921875e-08
7.05105026133263086265953799129657664224168911459855735301971435546875e-08
1.082475921238618064364295462236043032788757045636884868144989013671875e-07
1.6337398507609872660368611520242954071591157116927206516265869140625e-07
2.748430360606160530452892788721985795064028934575617313385009765625e-07
4.6155616186187170277838826525085291763161876588128507137298583984375e-07
7.1851681404293079422789837507057342236294061876833438873291015625e-07
8.83468656520166854641588037588828541402108385227620601654052734375e-07
9.9789619013181670182928255374843473646251368336379528045654296875e-07
9.9950691956214456109354286883483808878736454062163829803466796875e-07
9.99605535649715555121161934815088301320429309271275997161865234375e-07
9.99572663620525294364701184013366486169616109691560268402099609375e-07
9.99605535649715555121161934815088301320429309271275997161865234375e-07
9.9963840767890602763585949919189488355186767876148223876953125e-07
9.99704151737286760907017814370423280934119247831404209136962890625e-07
9.99868511883238488205795195529201890849435585550963878631591796875e-07
9.99835639854048227449334444727480075698622385971248149871826171875e-07
9.99835639854048227449334444727480075698622385971248149871826171875e-07
9.99868511883238488205795195529201890849435585550963878631591796875e-07
9.99868511883238488205795195529201890849435585550963878631591796875e-07
9.99868511883238488205795195529201890849435585550963878631591796875e-07
9.99868511883238488205795195529201890849435585550963878631591796875e-07
9.99901383912428748962255946330923706000248785130679607391357421875e-07
9.99868511883238488205795195529201890849435585550963878631591796875e-07
9.99868511883238488205795195529201890849435585550963878631591796875e-07
9.99835639854048227449334444727480075698622385971248149871826171875e-07
9.999342559416192214769535107077302882316871546208858489990234375e-07
9.99868511883238488205795195529201890849435585550963878631591796875e-07
9.99901383912428748962255946330923706000248785130679607391357421875e-07
9.99868511883238488205795195529201890849435585550963878631591796875e-07
9.99999999999999954748111825886258685613938723690807819366455078125e-07
9.99901383912428748962255946330923706000248785130679607391357421875e-07
9.99901383912428748962255946330923706000248785130679607391357421875e-07
9.99967127970809693991651075084536870463125524111092090606689453125e-07
9.99835639854048227449334444727480075698622385971248149871826171875e-07
9.99868511883238488205795195529201890849435585550963878631591796875e-07
9.99835639854048227449334444727480075698622385971248149871826171875e-07
9.9976989579566749417817612954895167831637081690132617950439453125e-07
9.9976989579566749417817612954895167831637081690132617950439453125e-07
9.99737023766477021663478565172145096084932447411119937896728515625e-07
9.99737023766477021663478565172145096084932447411119937896728515625e-07
9.9980276782485775493463688035067349346718401648104190826416015625e-07
9.9618684461391806029563998625686593868522322736680507659912109375e-07
9.8330100917129603321450471986597818840891704894602298736572265625e-07
9.498701554846980352699481638112377623883730848319828510284423828125e-07
8.846520495710199476433193040147973107423240435309708118438720703125e-07
7.6969856349232434016547667321450632016421877779066562652587890625e-07
6.0044048519115077988650940044035309028913616202771663665771484375e-07
4.05213503829591389148270276499008701875936822034418582916259765625e-07
2.17119752802340473069744679855685998148828730336390435695648193359375e-07
3.2872029190361920649666037006451924096239736172719858586788177490234375e-10
-1.78692350678807408261646212654927268204119172878563404083251953125e-07
-3.575161894743762830656090556669113311727414838969707489013671875e-07
-5.202327339666677298972712224778280898362936568446457386016845703125e-07
-6.528713717497781520969772801887831548128815484233200550079345703125e-07
-7.98790309325794683367413274999169203738347277976572513580322265625e-07
-8.907005029420465615569370461390708015869677183218300342559814453125e-07
-9.43723086026100321449592948919171675470352056436240673065185546875e-07
-9.718286709838598773423916366009933653913321904838085174560546875e-07
-9.86390979915190073442471906106643331213490455411374568939208984375e-07
-9.916833766148383606168874304653826357025536708533763885498046875e-07
-9.98553630715624034540865705533718710285029374063014984130859375e-07
-9.9980276782485775493463688035067349346718401648104190826416015625e-07
-9.99835639854048227449334444727480075698622385971248149871826171875e-07
-9.99835639854048227449334444727480075698622385971248149871826171875e-07
-9.99868511883238488205795195529201890849435585550963878631591796875e-07
-9.99901383912428748962255946330923706000248785130679607391357421875e-07
-9.99868511883238488205795195529201890849435585550963878631591796875e-07
-9.99901383912428748962255946330923706000248785130679607391357421875e-07
-9.99901383912428748962255946330923706000248785130679607391357421875e-07
-9.99835639854048227449334444727480075698622385971248149871826171875e-07
-9.99901383912428748962255946330923706000248785130679607391357421875e-07
-9.99835639854048227449334444727480075698622385971248149871826171875e-07
-9.99901383912428748962255946330923706000248785130679607391357421875e-07
-9.99901383912428748962255946330923706000248785130679607391357421875e-07
-9.99868511883238488205795195529201890849435585550963878631591796875e-07
-9.999342559416192214769535107077302882316871546208858489990234375e-07
-9.99901383912428748962255946330923706000248785130679607391357421875e-07
-9.99967127970809693991651075084536870463125524111092090606689453125e-07
-9.99967127970809693991651075084536870463125524111092090606689453125e-07
-9.99901383912428748962255946330923706000248785130679607391357421875e-07
-9.99868511883238488205795195529201890849435585550963878631591796875e-07
-9.99868511883238488205795195529201890849435585550963878631591796875e-07
-9.99868511883238488205795195529201890849435585550963878631591796875e-07
-9.99999999999999954748111825886258685613938723690807819366455078125e-07
-9.99868511883238488205795195529201890849435585550963878631591796875e-07
-9.99901383912428748962255946330923706000248785130679607391357421875e-07
-9.99901383912428748962255946330923706000248785130679607391357421875e-07
-9.99901383912428748962255946330923706000248785130679607391357421875e-07
-9.99901383912428748962255946330923706000248785130679607391357421875e-07
-9.99901383912428748962255946330923706000248785130679607391357421875e-07
-9.99999999999999954748111825886258685613938723690807819366455078125e-07
-9.99999999999999954748111825886258685613938723690807819366455078125e-07
-9.99967127970809693991651075084536870463125524111092090606689453125e-07
-9.99967127970809693991651075084536870463125524111092090606689453125e-07
-9.99967127970809693991651075084536870463125524111092090606689453125e-07
-9.999342559416192214769535107077302882316871546208858489990234375e-07
-9.99868511883238488205795195529201890849435585550963878631591796875e-07
-9.99999999999999954748111825886258685613938723690807819366455078125e-07
-9.99901383912428748962255946330923706000248785130679607391357421875e-07
-9.99967127970809693991651075084536870463125524111092090606689453125e-07
-9.99967127970809693991651075084536870463125524111092090606689453125e-07
-9.99901383912428748962255946330923706000248785130679607391357421875e-07
-9.99901383912428748962255946330923706000248785130679607391357421875e-07
-9.99868511883238488205795195529201890849435585550963878631591796875e-07
-9.99999999999999954748111825886258685613938723690807819366455078125e-07
-9.99901383912428748962255946330923706000248785130679607391357421875e-07
-9.99901383912428748962255946330923706000248785130679607391357421875e-07
-9.999342559416192214769535107077302882316871546208858489990234375e-07
-9.99868511883238488205795195529201890849435585550963878631591796875e-07
-9.99901383912428748962255946330923706000248785130679607391357421875e-07
-9.99999999999999954748111825886258685613938723690807819366455078125e-07
-9.99999999999999954748111825886258685613938723690807819366455078125e-07
-9.99999999999999954748111825886258685613938723690807819366455078125e-07
-9.99901383912428748962255946330923706000248785130679607391357421875e-07
-9.99901383912428748962255946330923706000248785130679607391357421875e-07
-9.99901383912428748962255946330923706000248785130679607391357421875e-07
-9.99967127970809693991651075084536870463125524111092090606689453125e-07