125
3.066960323460767039449524867626706292611515891621820628643035888671875e-08
4.089280431281022498684536476028228424439703303505666553974151611328125e-08
3.757272936458367124938327878853894237209942730260081589221954345703125e-08
3.211597251898359721918626945302843722629404510371387004852294921875e-08
3.951217908681502481586775873782790835520017935778014361858367919921875e-08
3.0077906709181156980854117584389673112355012563057243824005126953125e-08
2.81384569869498034143696376351007071292542605078779160976409912109375e-08
2.991354656322935027273793133495427554180423612706363201141357421875e-08
2.3602116958679859522768582102449086423945345813990570604801177978515625e-08
5.17405739456296596284157695254390940675648380420170724391937255859375e-08
1.044015647085894659390397439142905700037999849882908165454864501953125e-07
2.15377535255251306081845344593539426369943612371571362018585205078125e-07
4.2342460800105191122072261465658638002196312299929559230804443359375e-07
6.941915124420629779102291830039650477601753664202988147735595703125e-07
8.489858978994773361167352522527185243461644859053194522857666015625e-07
9.8435291410538776555303776272243254652494215406477451324462890625e-07
9.99408303474573567065923802854587876254299771972000598907470703125e-07
9.9950691956214456109354286883483808878736454062163829803466796875e-07
9.9950691956214456109354286883483808878736454062163829803466796875e-07
9.99539791591335033608240433211644671018802910111844539642333984375e-07
9.99572663620525294364701184013366486169616109691560268402099609375e-07
9.99572663620525294364701184013366486169616109691560268402099609375e-07
9.99572663620525294364701184013366486169616109691560268402099609375e-07
9.9976989579566749417817612954895167831637081690132617950439453125e-07
9.99835639854048227449334444727480075698622385971248149871826171875e-07
9.99835639854048227449334444727480075698622385971248149871826171875e-07
9.99835639854048227449334444727480075698622385971248149871826171875e-07
9.999342559416192214769535107077302882316871546208858489990234375e-07
9.99901383912428748962255946330923706000248785130679607391357421875e-07
9.999342559416192214769535107077302882316871546208858489990234375e-07
9.99901383912428748962255946330923706000248785130679607391357421875e-07
9.99835639854048227449334444727480075698622385971248149871826171875e-07
9.99901383912428748962255946330923706000248785130679607391357421875e-07
9.99901383912428748962255946330923706000248785130679607391357421875e-07
9.99835639854048227449334444727480075698622385971248149871826171875e-07
9.99835639854048227449334444727480075698622385971248149871826171875e-07
9.9976989579566749417817612954895167831637081690132617950439453125e-07
9.9976989579566749417817612954895167831637081690132617950439453125e-07
9.99835639854048227449334444727480075698622385971248149871826171875e-07
9.99737023766477021663478565172145096084932447411119937896728515625e-07
9.99737023766477021663478565172145096084932447411119937896728515625e-07
9.99737023766477021663478565172145096084932447411119937896728515625e-07
9.99737023766477021663478565172145096084932447411119937896728515625e-07
9.99737023766477021663478565172145096084932447411119937896728515625e-07
9.99737023766477021663478565172145096084932447411119937896728515625e-07
9.99671279708096288392320249993616698702680878341197967529296875e-07
9.9043423950560464022311625564842785252039902843534946441650390625e-07
9.74524177377469517943408931770488123902396182529628276824951171875e-07
9.432628776174352944306031494570152773349036579020321369171142578125e-07
8.835344005785476937918647595548993223246725392527878284454345703125e-07
7.812366457381413351878664784455619241043677902780473232269287109375e-07
6.74566911015416849326550678689340401206209207884967327117919921875e-07
4.961375365701324800286561335360691060714088962413370609283447265625e-07
3.41836231550573621355837428126278609852306544780731201171875e-07
1.92893067289043756658812960556870219619440831593237817287445068359375e-07
1.42993326978074350690144198212927495461599392001517117023468017578125e-08
-1.30666316031688635823193415930187910589665989391505718231201171875e-07
-2.7543473258604249366703650529764058063619813765399158000946044921875e-07
-4.1599552940403011037101706735830131123066166765056550502777099609375e-07
-5.237829131192269030233466149681920143166280467994511127471923828125e-07
-6.445547483646165579657528847679071049014964955858886241912841796875e-07
-7.475099437888300375230975040874437098636917653493583202362060546875e-07
-8.19861280036816626279219492878791442080910201184451580047607421875e-07
-8.89615725978764674341061659268437011860441998578608036041259765625e-07
-9.338614772689918130835033671655054376969928853213787078857421875e-07
-9.54702343775681295425373888707820668741987901739776134490966796875e-07
-9.72354623450905531753421344454135777368719573132693767547607421875e-07
-9.81394431478255191867387206838824198484871885739266872406005859375e-07
-9.861608757108576128725362097693363239159225486218929290771484375e-07
-9.92538049373787893141945527786251801671824068762362003326416015625e-07
-9.9510206765063606720064619259868976541838492266833782196044921875e-07
-9.988166069491469676254989662478322998140356503427028656005859375e-07
-9.99835639854048227449334444727480075698622385971248149871826171875e-07
-9.99835639854048227449334444727480075698622385971248149871826171875e-07
-9.99868511883238488205795195529201890849435585550963878631591796875e-07
-9.99835639854048227449334444727480075698622385971248149871826171875e-07
-9.99868511883238488205795195529201890849435585550963878631591796875e-07
-9.99901383912428748962255946330923706000248785130679607391357421875e-07
-9.99868511883238488205795195529201890849435585550963878631591796875e-07
-9.999342559416192214769535107077302882316871546208858489990234375e-07
-9.999342559416192214769535107077302882316871546208858489990234375e-07
-9.99868511883238488205795195529201890849435585550963878631591796875e-07
-9.99835639854048227449334444727480075698622385971248149871826171875e-07
-9.99868511883238488205795195529201890849435585550963878631591796875e-07
-9.99901383912428748962255946330923706000248785130679607391357421875e-07
-9.99868511883238488205795195529201890849435585550963878631591796875e-07
-9.999342559416192214769535107077302882316871546208858489990234375e-07
-9.99901383912428748962255946330923706000248785130679607391357421875e-07
-9.99868511883238488205795195529201890849435585550963878631591796875e-07
-9.99868511883238488205795195529201890849435585550963878631591796875e-07
-9.99967127970809693991651075084536870463125524111092090606689453125e-07
-9.99901383912428748962255946330923706000248785130679607391357421875e-07
-9.99901383912428748962255946330923706000248785130679607391357421875e-07
-9.99901383912428748962255946330923706000248785130679607391357421875e-07
-9.99901383912428748962255946330923706000248785130679607391357421875e-07
-9.99901383912428748962255946330923706000248785130679607391357421875e-07
-9.99901383912428748962255946330923706000248785130679607391357421875e-07
-9.99967127970809693991651075084536870463125524111092090606689453125e-07
-9.99901383912428748962255946330923706000248785130679607391357421875e-07
-9.99901383912428748962255946330923706000248785130679607391357421875e-07
-9.999342559416192214769535107077302882316871546208858489990234375e-07
-9.99967127970809693991651075084536870463125524111092090606689453125e-07
-9.999342559416192214769535107077302882316871546208858489990234375e-07
-9.99901383912428748962255946330923706000248785130679607391357421875e-07
-9.99901383912428748962255946330923706000248785130679607391357421875e-07
-9.99967127970809693991651075084536870463125524111092090606689453125e-07
-9.99967127970809693991651075084536870463125524111092090606689453125e-07
-9.99901383912428748962255946330923706000248785130679607391357421875e-07
-9.99901383912428748962255946330923706000248785130679607391357421875e-07
-9.99999999999999954748111825886258685613938723690807819366455078125e-07
-9.99901383912428748962255946330923706000248785130679607391357421875e-07
-9.99868511883238488205795195529201890849435585550963878631591796875e-07
-9.99835639854048227449334444727480075698622385971248149871826171875e-07
-9.99901383912428748962255946330923706000248785130679607391357421875e-07
-9.99835639854048227449334444727480075698622385971248149871826171875e-07
-9.99835639854048227449334444727480075698622385971248149871826171875e-07
-9.9980276782485775493463688035067349346718401648104190826416015625e-07
-9.99835639854048227449334444727480075698622385971248149871826171875e-07
-9.99835639854048227449334444727480075698622385971248149871826171875e-07
-9.99835639854048227449334444727480075698622385971248149871826171875e-07
-9.9976989579566749417817612954895167831637081690132617950439453125e-07
-9.99737023766477021663478565172145096084932447411119937896728515625e-07
-9.99835639854048227449334444727480075698622385971248149871826171875e-07
-9.9980276782485775493463688035067349346718401648104190826416015625e-07
-9.99835639854048227449334444727480075698622385971248149871826171875e-07