125
2.890743052361868187910058061902696113776300990139134228229522705078125e-08
3.350633992510347232844487527260446402266325094387866556644439697265625e-08
2.77905525261152352278822149321546586264730649418197572231292724609375e-08
2.555679653110833530800058313418865463262363846297375857830047607421875e-08
3.45575192168714302923176258548754180566220384207554161548614501953125e-08
2.733066158596675485945880538195262854372913352563045918941497802734375e-08
3.02871033440641229843708092696330513859948041499592363834381103515625e-08
5.28217594113395882452239725630971367564825413865037262439727783203125e-08
7.98239274686288665807302003009360280572082047001458704471588134765625e-08
1.26141515012154240980680824056603395177944548777304589748382568359375e-07
1.8940936863543785400283768309559473408398844185285270214080810546875e-07
2.718612443334866254194171104885402456829979200847446918487548828125e-07
3.9090729912620716172448544385720214933144234237261116504669189453125e-07
4.2145719729321327916290811609056898845437899581156671047210693359375e-07
1.44799947441035410466999666483089992397026435355655848979949951171875e-07
-4.496419420537414862195334241956601317724562250077724456787109375e-07
-9.94218513895276209107868849168543334826608770526945590972900390625e-07
-9.98620327179554467320727294266102802566820173524320125579833984375e-07
-9.98620327179554467320727294266102802566820173524320125579833984375e-07
-9.98620327179554467320727294266102802566820173524320125579833984375e-07
-9.98620327179554467320727294266102802566820173524320125579833984375e-07
-9.98620327179554467320727294266102802566820173524320125579833984375e-07
-9.98620327179554467320727294266102802566820173524320125579833984375e-07
-9.98620327179554467320727294266102802566820173524320125579833984375e-07
-9.98620327179554467320727294266102802566820173524320125579833984375e-07
-9.98620327179554467320727294266102802566820173524320125579833984375e-07
-9.98620327179554467320727294266102802566820173524320125579833984375e-07
-9.98620327179554467320727294266102802566820173524320125579833984375e-07
-9.98620327179554467320727294266102802566820173524320125579833984375e-07
-9.98620327179554467320727294266102802566820173524320125579833984375e-07
-9.98620327179554467320727294266102802566820173524320125579833984375e-07
-9.98620327179554467320727294266102802566820173524320125579833984375e-07
-9.98620327179554467320727294266102802566820173524320125579833984375e-07
-9.98620327179554467320727294266102802566820173524320125579833984375e-07
-9.98620327179554467320727294266102802566820173524320125579833984375e-07
-9.98620327179554467320727294266102802566820173524320125579833984375e-07
-9.98620327179554467320727294266102802566820173524320125579833984375e-07
-9.98620327179554467320727294266102802566820173524320125579833984375e-07
-9.98620327179554467320727294266102802566820173524320125579833984375e-07
-9.98620327179554467320727294266102802566820173524320125579833984375e-07
-9.98620327179554467320727294266102802566820173524320125579833984375e-07
-9.98620327179554467320727294266102802566820173524320125579833984375e-07
-9.98620327179554467320727294266102802566820173524320125579833984375e-07
-9.98620327179554467320727294266102802566820173524320125579833984375e-07
-9.98620327179554467320727294266102802566820173524320125579833984375e-07
-9.98620327179554467320727294266102802566820173524320125579833984375e-07
-9.98620327179554467320727294266102802566820173524320125579833984375e-07
-9.98620327179554467320727294266102802566820173524320125579833984375e-07
-9.98620327179554467320727294266102802566820173524320125579833984375e-07
-9.98620327179554467320727294266102802566820173524320125579833984375e-07
-9.98620327179554467320727294266102802566820173524320125579833984375e-07
-9.890283161421719278281854126344541100479546003043651580810546875e-07
-9.37980421785690798839089064864449341030194773338735103607177734375e-07
-7.75376125090335770344610565041332250757477595470845699310302734375e-07
-5.807765587017934762434118352303347165843661059625446796417236328125e-07
-4.0693778332566846607962446173700765683634017477743327617645263671875e-07
-2.3467577688719529029125025754165534408457460813224315643310546875e-07
-6.34649497404901055539733060496809802231155117624439299106597900390625e-08
1.4315747979764799476001227614141431132566140149720013141632080078125e-07
3.3381512384206027940620445555730544384687163983471691608428955078125e-07
5.0489455357729452647345957938540550458128564059734344482421875e-07
6.63688325339990761115639174294589253122467198409140110015869140625e-07
8.31417121082714621907124898092522613524124608375132083892822265625e-07
9.131463110176729780582331567895248980448741349391639232635498046875e-07
9.47638131528808787314307159055370988198774284683167934417724609375e-07
9.78385125813021357579876875754099074811165337450802326202392578125e-07
9.90342290256881966272893731695337038445359212346374988555908203125e-07
9.99474410354115939370228498261905514254976878874003887176513671875e-07
9.99868602588529056782759400767712776314510847441852092742919921875e-07
9.99868602588529056782759400767712776314510847441852092742919921875e-07
9.99737205177057947059170162074082099934457801282405853271484375e-07
9.99868602588529056782759400767712776314510847441852092742919921875e-07
9.99737205177057947059170162074082099934457801282405853271484375e-07
9.99868602588529056782759400767712776314510847441852092742919921875e-07
9.999343012942645057654356133269857309642247855663299560546875e-07
9.999343012942645057654356133269857309642247855663299560546875e-07
9.99868602588529056782759400767712776314510847441852092742919921875e-07
9.99868602588529056782759400767712776314510847441852092742919921875e-07
9.99868602588529056782759400767712776314510847441852092742919921875e-07
9.99868602588529056782759400767712776314510847441852092742919921875e-07
9.999343012942645057654356133269857309642247855663299560546875e-07
9.99737205177057947059170162074082099934457801282405853271484375e-07
9.99868602588529056782759400767712776314510847441852092742919921875e-07
9.99868602588529056782759400767712776314510847441852092742919921875e-07
9.99868602588529056782759400767712776314510847441852092742919921875e-07
9.99868602588529056782759400767712776314510847441852092742919921875e-07
9.99868602588529056782759400767712776314510847441852092742919921875e-07
9.999343012942645057654356133269857309642247855663299560546875e-07
9.99868602588529056782759400767712776314510847441852092742919921875e-07
9.999343012942645057654356133269857309642247855663299560546875e-07
9.99868602588529056782759400767712776314510847441852092742919921875e-07
9.999343012942645057654356133269857309642247855663299560546875e-07
9.999343012942645057654356133269857309642247855663299560546875e-07
9.99868602588529056782759400767712776314510847441852092742919921875e-07
9.999343012942645057654356133269857309642247855663299560546875e-07
9.999343012942645057654356133269857309642247855663299560546875e-07
9.999343012942645057654356133269857309642247855663299560546875e-07
9.99868602588529056782759400767712776314510847441852092742919921875e-07
9.99868602588529056782759400767712776314510847441852092742919921875e-07
9.999343012942645057654356133269857309642247855663299560546875e-07
9.999343012942645057654356133269857309642247855663299560546875e-07
9.999343012942645057654356133269857309642247855663299560546875e-07
9.99737205177057947059170162074082099934457801282405853271484375e-07
9.999343012942645057654356133269857309642247855663299560546875e-07
9.999343012942645057654356133269857309642247855663299560546875e-07
9.999343012942645057654356133269857309642247855663299560546875e-07
9.99737205177057947059170162074082099934457801282405853271484375e-07
9.999343012942645057654356133269857309642247855663299560546875e-07
9.99868602588529056782759400767712776314510847441852092742919921875e-07
9.99868602588529056782759400767712776314510847441852092742919921875e-07
9.999343012942645057654356133269857309642247855663299560546875e-07
9.999343012942645057654356133269857309642247855663299560546875e-07
9.99868602588529056782759400767712776314510847441852092742919921875e-07
9.999343012942645057654356133269857309642247855663299560546875e-07
9.999343012942645057654356133269857309642247855663299560546875e-07
9.99868602588529056782759400767712776314510847441852092742919921875e-07
9.99868602588529056782759400767712776314510847441852092742919921875e-07
9.99999999999999954748111825886258685613938723690807819366455078125e-07
9.99868602588529056782759400767712776314510847441852092742919921875e-07
9.99868602588529056782759400767712776314510847441852092742919921875e-07
9.99868602588529056782759400767712776314510847441852092742919921875e-07
9.999343012942645057654356133269857309642247855663299560546875e-07
9.999343012942645057654356133269857309642247855663299560546875e-07
9.99999999999999954748111825886258685613938723690807819366455078125e-07
9.99868602588529056782759400767712776314510847441852092742919921875e-07