125
1.577701814357086649258888344797731317914468718299758620560169219970703125e-09
4.86458059426768338715874059690301434155657034352771006524562835693359375e-09
-1.4462266631606625894913533675171547765447854771991842426359653472900390625e-09
8.282934525374704391621280964545792624420528227346949279308319091796875e-09
7.8227714961872200790373319749353153707005503747495822608470916748046875e-09
7.23113331580331274066161369932885516487175436850520782172679901123046875e-09
1.6500131475151196029575758456552081465673609272926114499568939208984375e-08
1.761767026032079960702161664128084783698113824357278645038604736328125e-08
3.14225611359453058234829348448202690491370958625338971614837646484375e-08
6.856429134893503849791651649780988009297288954257965087890625e-08
1.124112542729424124893599485318362862784624667256139218807220458984375e-07
1.88075203786484348973952434973255787298285213182680308818817138671875e-07
2.92269261109650243355578304316200188850416452623903751373291015625e-07
4.1388377596634233547917233221602462123200893984176218509674072265625e-07
5.50157770181435683073283872401848526578760356642305850982666015625e-07
6.774257165395740389249984968189632894564056186936795711517333984375e-07
8.084407047068103662257657592016268921497612609528005123138427734375e-07
9.0579805416776229304472167758177647556294687092304229736328125e-07
9.372863528793058016957040652628041499383471091277897357940673828125e-07
9.6818301341046539225496277147886559077960555441677570343017578125e-07
9.64238758874572534390725957187395778191785211674869060516357421875e-07
9.1224033657638699070283570813355566997415735386312007904052734375e-07
7.58414409676571039711757103718436923145418404601514339447021484375e-07
3.336181961609255790297975073632752440744297928176820278167724609375e-07
-2.26991848540625822688667260172701301002007312490604817867279052734375e-07
-7.436891927425717005277483462322152263368479907512664794921875e-07
-9.9802787273205363169511182552806616286034113727509975433349609375e-07
-9.992111490928214678785591884579986299286247231066226959228515625e-07
-9.992111490928214678785591884579986299286247231066226959228515625e-07
-9.992111490928214678785591884579986299286247231066226959228515625e-07
-9.992111490928214678785591884579986299286247231066226959228515625e-07
-9.992111490928214678785591884579986299286247231066226959228515625e-07
-9.992111490928214678785591884579986299286247231066226959228515625e-07
-9.992111490928214678785591884579986299286247231066226959228515625e-07
-9.992111490928214678785591884579986299286247231066226959228515625e-07
-9.992111490928214678785591884579986299286247231066226959228515625e-07
-9.992111490928214678785591884579986299286247231066226959228515625e-07
-9.992111490928214678785591884579986299286247231066226959228515625e-07
-9.992111490928214678785591884579986299286247231066226959228515625e-07
-9.992111490928214678785591884579986299286247231066226959228515625e-07
-9.992111490928214678785591884579986299286247231066226959228515625e-07
-9.992111490928214678785591884579986299286247231066226959228515625e-07
-9.992111490928214678785591884579986299286247231066226959228515625e-07
-9.992111490928214678785591884579986299286247231066226959228515625e-07
-9.992111490928214678785591884579986299286247231066226959228515625e-07
-9.992111490928214678785591884579986299286247231066226959228515625e-07
-9.992111490928214678785591884579986299286247231066226959228515625e-07
-9.992111490928214678785591884579986299286247231066226959228515625e-07
-9.992111490928214678785591884579986299286247231066226959228515625e-07
-9.992111490928214678785591884579986299286247231066226959228515625e-07
-9.992111490928214678785591884579986299286247231066226959228515625e-07
-9.992111490928214678785591884579986299286247231066226959228515625e-07
-9.992111490928214678785591884579986299286247231066226959228515625e-07
-9.992111490928214678785591884579986299286247231066226959228515625e-07
-9.992111490928214678785591884579986299286247231066226959228515625e-07
-9.992111490928214678785591884579986299286247231066226959228515625e-07
-9.992111490928214678785591884579986299286247231066226959228515625e-07
-9.892190376018932616701030691164220343125634826719760894775390625e-07
-9.5694188798317116027044963721959192071153665892779827117919921875e-07
-8.697081251643438188451691421565481476818604278378188610076904296875e-07
-7.431632921377858661495159099674712166461176821030676364898681640625e-07
-6.221404154614777450572047669263842095688232802785933017730712890625e-07
-5.1222718906126737088506904738149927425183705054223537445068359375e-07
-3.977780699447804325152096456552630598935138550586998462677001953125e-07
-2.8681304233499865428440507054974606404584847041405737400054931640625e-07
-1.8643176439652905329333949964454308911854241159744560718536376953125e-07
-8.31580331317380911409345759476019477318686767830513417720794677734375e-08
1.7157507231133316948798892757725720326078544530901126563549041748046875e-08
1.722324480673152837897671614542094431499208440072834491729736328125e-07
2.84775177491454088699236214810017742138370522297918796539306640625e-07
3.68327636076781436509836910320192515655435272492468357086181640625e-07
4.600315540362871525402314355768229603427244001068174839019775390625e-07
5.299763344727845959994242709678591296551530831493437290191650390625e-07
5.920983434130949368392267569138898153369154897518455982208251953125e-07
6.926768340783591066081212837823866124153937562368810176849365234375e-07
7.677491454115172441149982963948250613839263678528368473052978515625e-07
8.353273731264790152072964059259962965597878792323172092437744140625e-07
8.85353668156718341721305061409186265564130735583603382110595703125e-07
9.032342887194319460208795889710753357348949066363275051116943359375e-07
9.212463844333420353847918272960360042134198010899126529693603515625e-07
9.354457007625558578279233688801408419521976611576974391937255859375e-07
9.4300552195635030795599351716163027958828024566173553466796875e-07
9.5832237707073356523172595611281820993099245242774486541748046875e-07
9.69037601893242068717125060894890253848643624223768711090087890625e-07
9.7081251643439382299229610528978895445106900297105312347412109375e-07
9.79818564291348973553370631239811672230644035153090953826904296875e-07
9.8218511701288443416202854352459183928658603690564632415771484375e-07
9.85209045490402214213256602837187614341019070707261562347412109375e-07
9.905995266894556666313793880096483235320192761719226837158203125e-07
9.907310018406520458165986919851775382994674146175384521484375e-07
9.94083618196160985589111824811681117353145964443683624267578125e-07
9.96450170917696446197769737096461284409087966196238994598388671875e-07
9.96252958190901877419940781133167462257915758527815341949462890625e-07
9.980936103076518212877214775158307702440652064979076385498046875e-07
9.98948198790428497749883766931855433313103276304900646209716796875e-07
9.99079673941625088693339884482469415161176584661006927490234375e-07
9.9953983697081241584160744839682166684724506922066211700439453125e-07
9.99737049697607196377673217935200256079042446799576282501220703125e-07
9.99605574546410605434217100384586274230969138443470001220703125e-07
9.99999999999999954748111825886258685613938723690807819366455078125e-07
9.99934262424401765155502173898494078230214654467999935150146484375e-07
9.9980278727320517421204605634788009638214134611189365386962890625e-07
9.9980278727320517421204605634788009638214134611189365386962890625e-07
9.99605574546410605434217100384586274230969138443470001220703125e-07
9.9953983697081241584160744839682166684724506922066211700439453125e-07
9.9927688666841965747116884044576323731234879232943058013916015625e-07
9.983565606100445796581600854668891997789614833891391754150390625e-07
9.983565606100445796581600854668891997789614833891391754150390625e-07
9.9789639758085725250989252155253694809289299882948398590087890625e-07
9.96187220615303687827331129145402854874191689305007457733154296875e-07
9.958585327373125281060460556314950508749461732804775238037109375e-07
9.94609518800946502329989040713797976422938518226146697998046875e-07
9.9217722850381264037048466286616843490264727734029293060302734375e-07
9.91454115172232343093541677425672986601057345978915691375732421875e-07
9.86326584275571860804094313779355474025578587315976619720458984375e-07
9.86129371548777292026265357816061651874406379647552967071533203125e-07
9.85274783066000403805866254824952221724743139930069446563720703125e-07
9.77517749145411490779085557367711345477800932712852954864501953125e-07
9.794898764133578138320855577259038682313985191285610198974609375e-07
9.7705758611622395187258117987827432671110727824270725250244140625e-07
9.69169077044438447902344364870419468616091762669384479522705078125e-07
9.71469892190375930676629438742519795368934865109622478485107421875e-07
9.62726794635813750244230334318640274204881279729306697845458984375e-07
9.57467788587956888769563666696793546861954382620751857757568359375e-07
9.515514067841178137314452588346735950608490384183824062347412109375e-07