125
-3.8764783180026278606923023748072332228531422515516169369220733642578125e-09
2.10249671484888286543409895482624472062838094643666408956050872802734375e-09
-5.32194480946123498577461025994296550667428391534485854208469390869140625e-09
3.022339027595269480953035239512334542144600391111453063786029815673828125e-09
-3.416557161629434759727987370721107029947205546704935841262340545654296875e-09
-5.256241787122207163585247387065611801570952366091660223901271820068359375e-10
8.5413929040735862789345090120320114213114948142901994287967681884765625e-09
8.67279894875164109613262220475904396010946584283374249935150146484375e-09
3.607095926412615071845864053202979082612955608055926859378814697265625e-08
6.20893561103810740068565071463069227064579536090604960918426513671875e-08
1.034165571616294240306845758116394140557758873910643160343170166015625e-07
1.7266754270696450956307601599937218139757533208467066287994384765625e-07
2.448094612352167977651034962149889651072953711263835430145263671875e-07
3.4494086727989482324169441540551162006522645242512226104736328125e-07
4.4934296977660972374863323185179009300327379605732858180999755859375e-07
5.452036793692509800739946605740993135214011999778449535369873046875e-07
6.53219448094612287965027470904022521835941006429493427276611328125e-07
7.5361366622864647932429627008588113312725909054279327392578125e-07
8.46452036793692463273572519633081157053311471827328205108642578125e-07
9.14651773981603163207938257672768855854883440770208835601806640625e-07
9.5538764783180029881441870653890902076454949565231800079345703125e-07
9.8791064388961886524377110918582189924563863314688205718994140625e-07
9.98620236530880427971187777991257661369672860018908977508544921875e-07
9.85348226018396856692592618298665030351912719197571277618408203125e-07
8.5124835742444140537148015990265292884942027740180492401123046875e-07
2.1353482260183967517133620146740913270377859589643776416778564453125e-07
-6.966491458607095680035845540467587255761827691458165645599365234375e-07
-9.97371879106438931196043466698153423521944205276668071746826171875e-07
-9.98685939553219442972077646292206054567941464483737945556640625e-07
-9.98685939553219442972077646292206054567941464483737945556640625e-07
-9.98685939553219442972077646292206054567941464483737945556640625e-07
-9.98685939553219442972077646292206054567941464483737945556640625e-07
-9.98685939553219442972077646292206054567941464483737945556640625e-07
-9.98685939553219442972077646292206054567941464483737945556640625e-07
-9.98685939553219442972077646292206054567941464483737945556640625e-07
-9.98685939553219442972077646292206054567941464483737945556640625e-07
-9.98685939553219442972077646292206054567941464483737945556640625e-07
-9.98685939553219442972077646292206054567941464483737945556640625e-07
-9.98685939553219442972077646292206054567941464483737945556640625e-07
-9.98685939553219442972077646292206054567941464483737945556640625e-07
-9.98685939553219442972077646292206054567941464483737945556640625e-07
-9.98685939553219442972077646292206054567941464483737945556640625e-07
-9.98685939553219442972077646292206054567941464483737945556640625e-07
-9.98685939553219442972077646292206054567941464483737945556640625e-07
-9.98685939553219442972077646292206054567941464483737945556640625e-07
-9.98685939553219442972077646292206054567941464483737945556640625e-07
-9.98685939553219442972077646292206054567941464483737945556640625e-07
-9.98685939553219442972077646292206054567941464483737945556640625e-07
-9.98685939553219442972077646292206054567941464483737945556640625e-07
-9.98685939553219442972077646292206054567941464483737945556640625e-07
-9.98685939553219442972077646292206054567941464483737945556640625e-07
-9.98685939553219442972077646292206054567941464483737945556640625e-07
-9.98685939553219442972077646292206054567941464483737945556640625e-07
-9.98685939553219442972077646292206054567941464483737945556640625e-07
-9.98685939553219442972077646292206054567941464483737945556640625e-07
-9.98685939553219442972077646292206054567941464483737945556640625e-07
-9.98685939553219442972077646292206054567941464483737945556640625e-07
-9.98685939553219442972077646292206054567941464483737945556640625e-07
-9.98685939553219442972077646292206054567941464483737945556640625e-07
-9.98685939553219442972077646292206054567941464483737945556640625e-07
-9.98685939553219442972077646292206054567941464483737945556640625e-07
-9.850197109067017816881432767939230643605696968734264373779296875e-07
-9.46911957950065669633731187115888161542898160405457019805908203125e-07
-8.14060446780551926845999853588065064968759543262422084808349609375e-07
-6.6070959264126148037413015223773271600293810479342937469482421875e-07
-5.264783180026281049303563640273662116442210390232503414154052734375e-07
-3.795006570302233840942247693195366053942052531056106090545654296875e-07
-2.5289093298291723106133339904477708159902249462902545928955078125e-07
-1.27003942181340322447569385171106670640028823981992900371551513671875e-07
8.0157687253613670101420562411238812661196107001160271465778350830078125e-09
1.50459921156373177627784657080234342885205478523857891559600830078125e-07
2.9218134034165566607132232153365425375568520394153892993927001953125e-07
4.302233902759527056600965221055954401663257158361375331878662109375e-07
5.466491458607095218518085767700487309639356681145727634429931640625e-07
6.6044678055190542037057067903393914320986368693411350250244140625e-07
7.7457293035479628801466371601502913790682214312255382537841796875e-07
8.603153745072272754392949008217517103958016377873718738555908203125e-07
9.066360052562417449125982231439291325614249217323958873748779296875e-07
9.297634691195793662696865433670012635047896765172481536865234375e-07
9.4697766097240468463462105541683655474116676487028598785400390625e-07
9.71681997371879195408658248800382040144540951587259769439697265625e-07
9.78383705650459996048845696947626748851689626462757587432861328125e-07
9.87056504599211458473966007698408020587521605193614959716796875e-07
9.94940867279894740888407898837808573944130330346524715423583984375e-07
9.989487516425755029756371194959996273610158823430538177490234375e-07
9.99934296977660939747221957585310292415670119225978851318359375e-07
9.99934296977660939747221957585310292415670119225978851318359375e-07
9.99934296977660939747221957585310292415670119225978851318359375e-07
9.9980289093298290974544222098341350601913291029632091522216796875e-07
9.9980289093298290974544222098341350601913291029632091522216796875e-07
9.9980289093298290974544222098341350601913291029632091522216796875e-07
9.99934296977660939747221957585310292415670119225978851318359375e-07
9.99999999999999954748111825886258685613938723690807819366455078125e-07
9.99934296977660939747221957585310292415670119225978851318359375e-07
9.99934296977660939747221957585310292415670119225978851318359375e-07
9.99934296977660939747221957585310292415670119225978851318359375e-07
9.99999999999999954748111825886258685613938723690807819366455078125e-07
9.99934296977660939747221957585310292415670119225978851318359375e-07
9.99934296977660939747221957585310292415670119225978851318359375e-07
9.99934296977660939747221957585310292415670119225978851318359375e-07
9.99934296977660939747221957585310292415670119225978851318359375e-07
9.99934296977660939747221957585310292415670119225978851318359375e-07
9.9980289093298290974544222098341350601913291029632091522216796875e-07
9.99934296977660939747221957585310292415670119225978851318359375e-07
9.99934296977660939747221957585310292415670119225978851318359375e-07
9.99999999999999954748111825886258685613938723690807819366455078125e-07
9.9980289093298290974544222098341350601913291029632091522216796875e-07
9.99934296977660939747221957585310292415670119225978851318359375e-07
9.99999999999999954748111825886258685613938723690807819366455078125e-07
9.99934296977660939747221957585310292415670119225978851318359375e-07
9.99934296977660939747221957585310292415670119225978851318359375e-07
9.99934296977660939747221957585310292415670119225978851318359375e-07
9.9980289093298290974544222098341350601913291029632091522216796875e-07
9.99999999999999954748111825886258685613938723690807819366455078125e-07
9.9980289093298290974544222098341350601913291029632091522216796875e-07
9.9980289093298290974544222098341350601913291029632091522216796875e-07
9.99934296977660939747221957585310292415670119225978851318359375e-07
9.99999999999999954748111825886258685613938723690807819366455078125e-07
9.99999999999999954748111825886258685613938723690807819366455078125e-07
9.9980289093298290974544222098341350601913291029632091522216796875e-07
9.99934296977660939747221957585310292415670119225978851318359375e-07
9.99999999999999954748111825886258685613938723690807819366455078125e-07
9.99934296977660939747221957585310292415670119225978851318359375e-07
9.99999999999999954748111825886258685613938723690807819366455078125e-07
9.99999999999999954748111825886258685613938723690807819366455078125e-07