125
5.5639443277310925640306217446022507555625224995310418307781219482421875e-09
7.2216386554621844776458191163086286490369047896820120513439178466796875e-09
1.101299894957983153520502729062757740763345282175578176975250244140625e-08
7.5334821428571425753228951206763586156966994167305529117584228515625e-09
1.5280330882352941823093048895852719137877784305601380765438079833984375e-08
1.8694196428571428729914486095188552727819342180737294256687164306640625e-08
2.24199054621848753887742244049474660272380788228474557399749755859375e-08
3.6534926470588237387484837996598496800970679032616317272186279296875e-08
3.3793986344537818215813074033959662045845107058994472026824951171875e-08
4.566045168067226320591733509414444913687702864990569651126861572265625e-08
8.0225840336134458853916025244945586791800451464951038360595703125e-08
1.78916097689075616090976952703150981704993682797066867351531982421875e-07
4.79812237394957985024235118387547771590107004158198833465576171875e-07
9.107963497899159478562070187124266595901644905097782611846923828125e-07
9.970128676470587679512951051474800578944268636405467987060546875e-07
9.99704569327731118301232603184924840888925245963037014007568359375e-07
9.99753807773109187122966869110118892649552435614168643951416015625e-07
9.998194590336133494713581615354058840239304117858409881591796875e-07
9.99901523109243605346406480460785815012059174478054046630859375e-07
9.99950761554621885926377559961064633853311534039676189422607421875e-07
9.999835871848738612214547993861657460001879371702671051025390625e-07
9.99999999999999954748111825886258685613938723690807819366455078125e-07
9.99967174369747767694797772886072806386437150649726390838623046875e-07
9.99901523109243605346406480460785815012059174478054046630859375e-07
9.95601365546218536307053470491013058563112281262874603271484375e-07
9.531742384453780488520855014578092578858559136278927326202392578125e-07
8.175715598739495089660529909825203986883934703655540943145751953125e-07
5.894990808823529265919583496058375970960696577094495296478271484375e-07
2.9955028886554622022806901836255999427294227643869817256927490234375e-07
-7.04273897058823520654440540622598376785390428267419338226318359375e-08
-3.8031775210084028315400922308497921875414249370805919170379638671875e-07
-6.4594275210084022812058457407857758880709297955036163330078125e-07
-8.294544380252100938049285815123479181920629343949258327484130859375e-07
-9.589187237394958542263494194468620435145567171275615692138671875e-07
-9.9391084558823534998435282605822038703990983776748180389404296875e-07
-9.9689797794117632502293273322191424767879652790725231170654296875e-07
-9.96914390756302418549589759722007187292547314427793025970458984375e-07
-9.970128676470587679512951051474800578944268636405467987060546875e-07
-9.96996454831932674424638078647387118280676077120006084442138671875e-07
-9.970128676470587679512951051474800578944268636405467987060546875e-07
-9.97078518907562930299686397572767049268804839812219142913818359375e-07
-9.97111344537815117353000450572952928496306412853300571441650390625e-07
-9.9706210609243683677302937107267410965505405329167842864990234375e-07
-9.97078518907562930299686397572767049268804839812219142913818359375e-07
-9.97094931722689023826343424072859988882555626332759857177734375e-07
-9.97111344537815117353000450572952928496306412853300571441650390625e-07
-9.97078518907562930299686397572767049268804839812219142913818359375e-07
-9.97111344537815117353000450572952928496306412853300571441650390625e-07
-9.97094931722689023826343424072859988882555626332759857177734375e-07
-9.97127757352940999121420663497961101029432029463350772857666015625e-07
-9.97127757352940999121420663497961101029432029463350772857666015625e-07
-9.97127757352940999121420663497961101029432029463350772857666015625e-07
-9.96586134453781395049396484020487463340032263658940792083740234375e-07
-9.95256696428571419280203168289400394996846443973481655120849609375e-07
-9.92811186974789836555410627028095404966734349727630615234375e-07
-9.90644695378151208509077095543116087128510116599500179290771484375e-07
-9.83472295168067183843032923185045746095056529156863689422607421875e-07
-9.7620141806722680977528340540150253445972339250147342681884765625e-07
-9.633830094537814350157990672673946619397611357271671295166015625e-07
-9.42850577731092431518246377297742810696945525705814361572265625e-07
-9.2405790441176468316512859768607768273795954883098602294921875e-07
-8.954011292016806656751475544664398142913341871462762355804443359375e-07
-8.68484112394957903329601421604788669128538458608090877532958984375e-07
-8.3713563550420164136880128713524840122772729955613613128662109375e-07
-7.99698004201680562886005339262585067672262084670364856719970703125e-07
-7.568605567226890078140325891775663791349870734848082065582275390625e-07
-7.0665375525210072927260497588353160836049937643110752105712890625e-07
-6.614692752100839408775450299626808003949918202124536037445068359375e-07
-6.17761948529411758233354824698668750215801992453634738922119140625e-07
-5.72429753151260445735736860639608636347475112415850162506103515625e-07
-5.33498555672268879733650959185098372472566552460193634033203125e-07
-4.904969800420168129115815712493198219590340158902108669281005859375e-07
-4.454273897058823615657655904664924406688442104496061801910400390625e-07
-4.12010898109243715081218863149903341991375782527029514312744140625e-07
-3.67253151260504193708939131568502745039950241334736347198486328125e-07
-3.28223476890756278305147884688519610563162132166326045989990234375e-07
-2.9610359768907557935515803028414527631184682832099497318267822265625e-07
-2.5418526785714282655625540809085638471742640831507742404937744140625e-07
-2.23805147058823515099598472528896753175331468810327351093292236328125e-07
-1.89190519957983164603081810938023377133276881068013608455657958984375e-07
-1.52146796218487377847988837979709142445017278078012168407440185546875e-07
-1.28988314075630239288449145791670691352237554383464157581329345703125e-07
-9.4439338235294104079882980019855498454717235290445387363433837890625e-08
-6.4732142857142853740930817270371466776168745127506554126739501953125e-08
-4.099921218487394390838759387733769568029629226657561957836151123046875e-08
-4.71047794117647001014464989174061748666844096078420989215373992919921875e-09
1.8661370798319327703384138609880860126821744415792636573314666748046875e-08
4.57589285714285662855083775500675269398698219447396695613861083984375e-08
7.87979254201680675085683598461716581340397169697098433971405029296875e-08
9.83948266806722546157327005146575604754843880073167383670806884765625e-08
1.29694065126050408050129166513675382788051138049922883510589599609375e-07
1.501608455882352756690701657549258385415669181384146213531494140625e-07
1.65933560924369729581395976718283247208773900638334453105926513671875e-07
1.85612526260504199033388238009034676423425480606965720653533935546875e-07
1.9892331932773108257338288799853653898708216729573905467987060546875e-07
2.1180737920168067262081772195170259465157869271934032440185546875e-07
2.28499212184873928806213660806789800261640266398899257183074951171875e-07
2.375590861344537591890303633579417663668209570460021495819091796875e-07
2.5653230042016805987934260392668850414565895334817469120025634765625e-07
2.62194721638655450559880592809047783475762116722762584686279296875e-07
2.7415966386554623833424529887048404219740405096672475337982177734375e-07
2.837447478991596057322087560959023022633118671365082263946533203125e-07
2.9259125525210082907341495317421475874652969650924205780029296875e-07
3.0289850315126051169927466101550184163215817534364759922027587890625e-07
3.074776785714285883566458841553714620431492221541702747344970703125e-07
3.1427258403361341482164410809918564382314798422157764434814453125e-07
3.1931131827731094555510959857869135447572261909954249858856201171875e-07
3.24924501050420161534794914748314198504886007867753505706787109375e-07
3.2884716386554619119177958648514437101084695314057171344757080078125e-07
3.33787421218487372523539731539177211061542038805782794952392578125e-07
3.3754595588235289043042776542524752159124545869417488574981689453125e-07
3.3936777836134450732902940149615655940351643948815762996673583984375e-07
3.454569327731092709114660115055084332880142028443515300750732421875e-07
3.450301995798318980095673903785158387336196028627455234527587890625e-07
3.4762342436974784601824033959671655935608214349485933780670166015625e-07
3.505777310924370045804206175166228831585613079369068145751953125e-07
3.4929753151260504469340236431695867480584638542495667934417724609375e-07
3.5203847163865546386507412827959750956097195739857852458953857421875e-07
3.5239955357142856853946305019376072920067599625326693058013916015625e-07
3.494780724789915970305968252740402846256984048523008823394775390625e-07
3.5259650735294116146375533425716408686412250972352921962738037109375e-07
3.4982274159663866111788792408188175642180794966407120227813720703125e-07
3.4910057773109245176911008025355531714239987195469439029693603515625e-07
3.4954372373949581231854732109309846777023267350159585475921630859375e-07
3.4637605042016802024497693600346703846071250154636800289154052734375e-07