125
6.00787918581746592202329191353786519425028700425173155963420867919921875e-09
1.26723571897570578388629350375348125989916070466279052197933197021484375e-08
1.38706500328299397646362461238890573245186033091158606112003326416015625e-08
2.1290216677609979718801020841419113782677641211193986237049102783203125e-08
2.9235062376887720137946631506105366060666028715786524116992950439453125e-08
3.08108995403808298046952648778507022342409982229582965373992919921875e-08
3.900196979645436747189700724645911034116352311684750020503997802734375e-08
4.72751149047931642710058930921535047531278905807994306087493896484375e-08
5.01641497045305292361096790969277048333196944440715014934539794921875e-08
6.46585686145764857179712536798532607207334876875393092632293701171875e-08
1.1085029546946814474450812744443783941505898837931454181671142578125e-07
2.310242941562705103791439641136573612811844213865697383880615234375e-07
4.7378529218647406923774450908382060987378281424753367900848388671875e-07
7.8527577150361128704124380472961775012663565576076507568359375e-07
9.74064346684176004422645554770010534184621064923703670501708984375e-07
9.99638870650032671630910545423898128092332626692950725555419921875e-07
9.99786605384110331297734496069917753402478410862386226654052734375e-07
9.99803020354563216364504434074955696587494458071887493133544921875e-07
9.9985226526592250683952468881532382738441810943186283111572265625e-07
9.9986868023637539190629462682036177056943415664136409759521484375e-07
9.9993434011818777920632163314085261163199902512133121490478515625e-07
9.99999999999999954748111825886258685613938723690807819366455078125e-07
9.99917925147734682381314881560729901366357808001339435577392578125e-07
9.9985226526592250683952468881532382738441810943186283111572265625e-07
9.99885095206828488731301378400484480835075373761355876922607421875e-07
9.9803020354563362970322197564865263075262191705405712127685546875e-07
9.4486211424819425625030826221273372311770799569785594940185546875e-07
7.591759684832566861030652381747696466618435806594789028167724609375e-07
4.5285620485883120389129980788711637984533808776177465915679931640625e-07
9.587984241628365088687163848846228830780091811902821063995361328125e-08
-2.36162179908076131730203131402212601841483774478547275066375732421875e-07
-5.274950755088639967895457194568820114000118337571620941162109375e-07
-7.437294812869336548696538348457441003347412333823740482330322265625e-07
-8.721109652002625689697144599488165539469264331273734569549560546875e-07
-9.5147734734077470079437362227015029247922939248383045196533203125e-07
-9.90577806959947364666180420755825508649650146253407001495361328125e-07
-9.96454366382140357909073281883483019782943301834166049957275390625e-07
-9.9704530531845036130165864374230721978165092878043651580810546875e-07
-9.97110965200262536843448836487713293763590627349913120269775390625e-07
-9.9712738017071563366845558806783600402923184446990489959716796875e-07
-9.97143795141168730493462339647958714294873061589896678924560546875e-07
-9.97193040052527809210245780813242078011171543039381504058837890625e-07
-9.97193040052527809210245780813242078011171543039381504058837890625e-07
-9.971766250820747123852390292331193677455303259193897247314453125e-07
-9.97193040052527809210245780813242078011171543039381504058837890625e-07
-9.97193040052527809210245780813242078011171543039381504058837890625e-07
-9.9720945502298090603525253239336478827681276015937328338623046875e-07
-9.97242284963887099685266035553610208808095194399356842041015625e-07
-9.97225869993434002860259283973487498542453977279365062713623046875e-07
-9.9720945502298090603525253239336478827681276015937328338623046875e-07
-9.97193040052527809210245780813242078011171543039381504058837890625e-07
-9.97225869993434002860259283973487498542453977279365062713623046875e-07
-9.97193040052527809210245780813242078011171543039381504058837890625e-07
-9.96864740643466719743058003511126941020847880281507968902587890625e-07
-9.96421536441234376017296592298322366332286037504673004150390625e-07
-9.95370978332238932073943067646570881379375350661575794219970703125e-07
-9.9307288246881151756186544010684968952773488126695156097412109375e-07
-9.91891004596191722534931529964286056610944797284901142120361328125e-07
-9.84159553512803658505722452509711928314573015086352825164794921875e-07
-9.7595206828627705710073846068208780479835695587098598480224609375e-07
-9.6419894944189107061495273842677278253177064470946788787841796875e-07
-9.4056139198949432304332728127516105587346828542649745941162109375e-07
-9.11506894287590234537813939363903870116701000370085239410400390625e-07
-8.712245567957976697599548239481226374891775776632130146026611328125e-07
-8.19911359159553472972475733626662730557654867880046367645263671875e-07
-7.745896257386737354446999519186345395382886636070907115936279296875e-07
-7.27199606040709091921993810492264032063758349977433681488037109375e-07
-6.8115561391989489403893387464705710954149253666400909423828125e-07
-6.36720288903479949841799322152180451439562602899968624114990234375e-07
-5.92104399212081364086064129426123514576829620636999607086181640625e-07
-5.497045305318450263547280267018013688584687770344316959381103515625e-07
-5.063690085357846048177304400239595594257480115629732608795166015625e-07
-4.66021011162179864498081131862772252816284890286624431610107421875e-07
-4.290380827314510794588697274731803332770141423679888248443603515625e-07
-3.8717990807616545464509873186731425676043727435171604156494140625e-07
-3.506730137885752069816622418507723324410108034498989582061767578125e-07
-3.1244254760341429255504912439189713069254139554686844348907470703125e-07
-2.7360472751149043672952150367538859399019202101044356822967529296875e-07
-2.41891004596191703534288457155820850630334462039172649383544921875e-07
-2.08076165462902161861687166423406925019889968098141252994537353515625e-07
-1.73867367038739302240548702249700596667025820352137088775634765625e-07
-1.46487196323046616492971334737294153427455967175774276256561279296875e-07
-1.157255416940249448143983161153836025647478891187347471714019775390625e-07
-8.54235062376887666261526636801715284263991634361445903778076171875e-08
-5.947143795141168638845513886269367187509260475053451955318450927734375e-08
-2.82994090610636859631219007342461946308276310446672141551971435546875e-08
-2.872619829284307431176130693466046206463460066515835933387279510498046875e-09
2.5935653315824033043527526419015638570186865763389505445957183837890625e-08
5.4908076165462898813080677186404532363894759328104555606842041015625e-08
7.775771503611293107829298236477466588212337228469550609588623046875e-08
1.06024294156270516035629985877875025579442080925218760967254638671875e-07
1.2953053184504267429565864226670424130816172691993415355682373046875e-07
1.492941562705186826214985747196539733749887091107666492462158203125e-07
1.68154957321076827261470128076215058143816349911503493785858154296875e-07
1.8094221930400524027494142849381564275290656951256096363067626953125e-07
1.96946815495732107720704292218305564432512255734764039516448974609375e-07
2.11523309258043336569362811126759904567506964667700231075286865234375e-07
2.221437951411687390938960728892226370589924044907093048095703125e-07
2.35292186474064329345450246981641395649376136134378612041473388671875e-07
2.4707813525935653595102907409408743433232302777469158172607421875e-07
2.5600787918581743889261960987757671404096981859765946865081787109375e-07
2.698621142481943662046715848301658979835337959229946136474609375e-07
2.7836506894287591636638905419343092972894737613387405872344970703125e-07
2.8363427445830596821036741206345510590836056508123874664306640625e-07
2.95272488509520700437579500408080690476708696223795413970947265625e-07
3.0090282337491792951964073195292304063741539721377193927764892578125e-07
3.0462902166776095615904310261179421814858869765885174274444580078125e-07
3.1531516743269861363470536221031981227724827476777136325836181640625e-07
3.193532501641496858558479619849546082832603133283555507659912109375e-07
3.213394615889691077257445638026833734102183370850980281829833984375e-07
3.2977675640183848234567184042054233117369221872650086879730224609375e-07
3.2956336178594875301617610381665901542191932094283401966094970703125e-07
3.334537097833223773287315665203589531984107452444732189178466796875e-07
3.3796782665791198692564908066804374442426706082187592983245849609375e-07
3.3749179251477344954987416629499374920442278380505740642547607421875e-07
3.41135915955351256762038796022107334238171461038291454315185546875e-07
3.4276099803020355433341172755878911715399226523004472255706787109375e-07
3.3997045305318450562055243406589521981686630169861018657684326171875e-07
3.4568286277084695412985140654249516245499762590043246746063232421875e-07
3.444353250164149306215681002607542637861115508712828159332275390625e-07
3.434832567301378558700182715146542733464229968376457691192626953125e-07
3.4505909389363096884548935509851030900563273462466895580291748046875e-07
3.418089297439264266423026954189179349441474187187850475311279296875e-07
3.4120157583716348524338819216128459999026745208539068698883056640625e-07
3.4080761654629022023441022211376338901800409075804054737091064453125e-07