125
2.0669840748645541864593019767797066332803979094023816287517547607421875e-08
2.1654900673124280647804915686353843806699615015531890094280242919921875e-08
2.6120505664094563572861837212092661619777800297015346586704254150390625e-08
2.7630930881628630148283070982161147011169077813974581658840179443359375e-08
3.26219011656542441742717805715223722273776729707606136798858642578125e-08
3.26054835002462616652476354132950131514689928735606372356414794921875e-08
3.818748973895911697593001242652388516063410861534066498279571533203125e-08
4.73813823674273434134260741916466752599035316961817443370819091796875e-08
6.276473485470365888148967618842544169410757604055106639862060546875e-08
8.28763749794779046271026175761453824719637850648723542690277099609375e-08
1.25299622393695615576200523555439048095649923197925090789794921875e-07
2.0973567558693152768835190995211359421546148951165378093719482421875e-07
3.8208832703989490267194460877686612576553670805878937244415283203125e-07
6.6309308816286322897128047149095664281048811972141265869140625e-07
9.509768510917747177742958587798316472117221564985811710357666015625e-07
9.992612050566407683118048954629131230831262655556201934814453125e-07
9.99917911672960068672770701792007486119473469443619251251220703125e-07
9.99983582334591892829748875637374538882795604877173900604248046875e-07
9.99999999999999954748111825886258685613938723690807819366455078125e-07
9.99917911672960068672770701792007486119473469443619251251220703125e-07
9.99917911672960068672770701792007486119473469443619251251220703125e-07
9.9985224101132803275755571437155566627552616409957408905029296875e-07
9.9988507634214415659428161486932395973781240172684192657470703125e-07
9.998686586767360946759186646204398130066692829132080078125e-07
9.999014940075522185126445651182081064689555205404758453369140625e-07
9.99917911672960068672770701792007486119473469443619251251220703125e-07
9.94729929404038760491443306455128237075768993236124515533447265625e-07
9.468231817435560164939139897455344652144049177877604961395263671875e-07
7.7225414546051550571787412680091478023314266465604305267333984375e-07
4.5939911344606799405439309831600258604566988651640713214874267578125e-07
1.026924971269085578545095520548724454812372641754336655139923095703125e-07
-2.1914299786570346718615775495619946156011792481876909732818603515625e-07
-4.83615169922836874439307265627352450110265635885298252105712890625e-07
-6.812674437694959754034077122064605447349094902165234088897705078125e-07
-8.51370875061566302516064159988662396472136606462299823760986328125e-07
-9.56558857330487500293084331126625130536922370083630084991455078125e-07
-9.89870300443276996611480407495253786009925534017384052276611328125e-07
-9.9568215399770148131704770866345910462769097648561000823974609375e-07
-9.9692989656870783436552752032611124377581290900707244873046875e-07
-9.9694631423411589628389047057499539050695602782070636749267578125e-07
-9.96995567230339870280742507746563063619760214351117610931396484375e-07
-9.9725824987686737866689201670311604175367392599582672119140625e-07
-9.972910852076835025036179172008843352159601636230945587158203125e-07
-9.9727466754227544058525496695200018848481704480946063995361328125e-07
-9.97307502873091352663744053874683714866478112526237964630126953125e-07
-9.97323920538499414582107004123567861597621231339871883392333984375e-07
-9.97389591200131238739085177968934914360943366773426532745361328125e-07
-9.97340338203907264742233140797367241248139180243015289306640625e-07
-9.97340338203907264742233140797367241248139180243015289306640625e-07
-9.97406008865539300657448128217819061092086485587060451507568359375e-07
-9.973731735347233885789590412951355347104254178702831268310546875e-07
-9.97307502873091352663744053874683714866478112526237964630126953125e-07
-9.970448202265638442775945449181307367325644008815288543701171875e-07
-9.96191101625348859687457403477850448325625620782375335693359375e-07
-9.95238877031686138861853001269519580773703637532889842987060546875e-07
-9.926448858972252730129524900259951891712262295186519622802734375e-07
-9.8816286324084723918944293818977797627667314372956752777099609375e-07
-9.82827121983254009017559431338195707894556107930839061737060546875e-07
-9.7465112461008046652898885453542021650719107128679752349853515625e-07
-9.6248563454276799491071865688684994211143930442631244659423828125e-07
-9.384337547200787278578091275826889017253051861189305782318115234375e-07
-9.048103759645377491564115050859395950055841240100562572479248046875e-07
-8.694138893449350829968798326508050422489759512245655059814453125e-07
-8.32999507470037765975647177374430185636811074800789356231689453125e-07
-7.949433590543424098102368198504041885144033585675060749053955078125e-07
-7.53981283861434917171161218529817915623425506055355072021484375e-07
-7.1027745854539474257174740123854661533187027089297771453857421875e-07
-6.65227384665900478688386511516572596747209900058805942535400390625e-07
-6.277786898703004488870899231500732895483452011831104755401611328125e-07
-5.811196847808241638171588248906740403754156432114541530609130859375e-07
-5.43999343293383678317226732901179531154411961324512958526611328125e-07
-5.054835002462649177782587177343298634468737873248755931854248046875e-07
-4.6493186668855690845544794027877077979837849852629005908966064453125e-07
-4.301264160236414538021078833585075784640139318071305751800537109375e-07
-3.91824002626826439410674153551727982858210452832281589508056640625e-07
-3.5647676900344769430843531489438991144425017409957945346832275390625e-07
-3.233951732063700589954956775284866665742811164818704128265380859375e-07
-2.84337547200788008007628880624562128787147230468690395355224609375e-07
-2.5419471351173858006552118415921626137787825427949428558349609375e-07
-2.2419963881136102117441039581480222153686554520390927791595458984375e-07
-1.89788212116237067328311017601338850369074862101115286350250244140625e-07
-1.6171400426859298553699238222558509647797109209932386875152587890625e-07
-1.31751764899031338724370680803854583018619450740516185760498046875e-07
-1.035133803973074980172595980880412280811242453637532889842987060546875e-07
-7.68675094401576033434659728123261590582160351914353668689727783203125e-08
-4.885897225414545820568881849370324044201652213814668357372283935546875e-08
-2.3575767525857823922046072897228119469303919686353765428066253662109375e-08
6.550648497783614893592577985668989892786839845939539372920989990234375e-09
3.22442948612707258760552470229499011367124694515950977802276611328125e-08
5.841405352158922704982216907339254152731200520065613090991973876953125e-08
8.655393203086520579001288296094873686570281279273331165313720703125e-08
1.062879658512559464722990916485390044954328914172947406768798828125e-07
1.27548842554588742856475579688646515563732464215718209743499755859375e-07
1.443933672631751707554430795565902911903322092257440090179443359375e-07
1.5943194877688391970844863747280850674314933712594211101531982421875e-07
1.7837793465769165877625348874679911403973164851777255535125732421875e-07
1.89295682153997697936705069642060461632127044140361249446868896484375e-07
2.0275816778854047013052751442796495240372678381390869617462158203125e-07
2.17172878016746016089513564815971502497404799214564263820648193359375e-07
2.22672795928418965472520116462284978098296051030047237873077392578125e-07
2.3570842226235429831083319392182051643658269313164055347442626953125e-07
2.477261533409949008781064834494589632640781928785145282745361328125e-07
2.539320308652109658002532684151208997036519576795399188995361328125e-07
2.65654243966507989084210351882209266705103800632059574127197265625e-07
2.727138400919389327173758715006091080113037605769932270050048828125e-07
2.766704974552618438894679986361779810977168381214141845703125e-07
2.87440485962896040468702273107393097006934112869203090667724609375e-07
2.8952552946970936912851547935521256960100799915380775928497314453125e-07
2.955179773436217408426871823545756257090033614076673984527587890625e-07
3.0359546872434738827711288820798696264091631746850907802581787109375e-07
3.0474470530290589921100703231504613910374246188439428806304931640625e-07
3.0799540305368574778351812952503774312162931892089545726776123046875e-07
3.1482515186340498922990482032202574913526404998265206813812255859375e-07
3.12756526021999616609336157535548039732020697556436061859130859375e-07
3.186997208996880672662150267571146144973681657575070858001708984375e-07
3.221966836315875740647494962498598169986507855355739593505859375e-07
3.195862748317189639348412551200784292859680135734379291534423828125e-07
3.247742571006402721161686504569576783296724897809326648712158203125e-07
3.2549663437859134369455342723764790235918553662486374378204345703125e-07
3.2319816122147426888720593562975835766337695531547069549560546875e-07
3.2557872270563122976989455133189910185365079087205231189727783203125e-07
3.2441306846166476279675586376349816219999411259777843952178955078125e-07
3.2285339024790671560703769239764060472452911199070513248443603515625e-07
3.2564439336726315980599113196480853815728551126085221767425537109375e-07
3.2195041865046786289916692057333502674509873031638562679290771484375e-07